instance technique highFiBudget lowFiBudget seed dimension CC RRMSE LCC_0.1 LCC_0.2 LCC_0.3 LCC_0.4 LCC_0.5 LCC_0.6 LCC_0.7 LCC_0.8 LCC_0.9 LCC_0.95 LCC_0.975 LCC_sd LCC_coeff performance
COCOfunction12-dim1-seed1-dists1-centres6-radius0.025-freq10-amp0.1 kriging 0 0 1 1 0.0186 2.2101 0.0530 0.0000 0.0000 0.0000 0.0000 0.0000 0.0000 0.0000 0.0000 0.0000 0.0000 0.0382 2.0460 nan
COCOfunction12-dim1-seed1-dists2-centres6-radius0.025-freq10-amp0.1 kriging 0 0 1 1 0.0167 11.469 0.3880 0.1140 0.1080 0.1070 0.1060 0.1040 0.1030 0.1020 0.0430 0.0000 0.0000 0.2608 1.8014 nan
COCOfunction12-dim1-seed1-dists1-centres6-radius0.025-freq100-amp0.1 kriging 0 0 1 1 0.0111 2.1808 0.0000 0.0000 0.0000 0.0000 0.0000 0.0000 0.0000 0.0000 0.0000 0.0000 0.0000 0.0203 1.8370 nan
COCOfunction12-dim1-seed1-dists2-centres6-radius0.025-freq100-amp0.1 kriging 0 0 1 1 0.0024 10.735 0.0000 0.0000 0.0000 0.0000 0.0000 0.0000 0.0000 0.0000 0.0000 0.0000 0.0000 0.0160 2.4883 nan
COCOfunction12-dim1-seed1-dists1-centres6-radius0.025-freq10-amp0.5 kriging 0 0 1 1 0.0008 11.050 0.0370 0.0000 0.0000 0.0000 0.0000 0.0000 0.0000 0.0000 0.0000 0.0000 0.0000 0.0300 1.9699 nan
COCOfunction12-dim1-seed1-dists2-centres6-radius0.025-freq10-amp0.5 kriging 0 0 1 1 0.0116 57.346 0.3370 0.1030 0.1020 0.1010 0.0380 0.0000 0.0000 0.0000 0.0000 0.0000 0.0000 0.1441 1.4921 nan
COCOfunction12-dim1-seed1-dists1-centres6-radius0.025-freq100-amp0.5 kriging 0 0 1 1 0.0000 10.904 0.0000 0.0000 0.0000 0.0000 0.0000 0.0000 0.0000 0.0000 0.0000 0.0000 0.0000 0.0205 1.7730 nan
COCOfunction12-dim1-seed1-dists2-centres6-radius0.025-freq100-amp0.5 kriging 0 0 1 1 0.0007 53.677 0.0000 0.0000 0.0000 0.0000 0.0000 0.0000 0.0000 0.0000 0.0000 0.0000 0.0000 0.0018 1.3421 nan
COCOfunction12-dim1-seed1-dists1-centres6-radius0.025-freq10-amp1 kriging 0 0 1 1 0.0002 22.101 0.0360 0.0000 0.0000 0.0000 0.0000 0.0000 0.0000 0.0000 0.0000 0.0000 0.0000 0.0292 1.9523 nan
COCOfunction12-dim1-seed1-dists2-centres6-radius0.025-freq10-amp1 kriging 0 0 1 1 0.0111 114.69 0.3340 0.1010 0.1010 0.0000 0.0000 0.0000 0.0000 0.0000 0.0000 0.0000 0.0000 0.1069 1.3043 nan
COCOfunction12-dim1-seed1-dists1-centres6-radius0.025-freq100-amp1 kriging 0 0 1 1 0.0002 21.808 0.0000 0.0000 0.0000 0.0000 0.0000 0.0000 0.0000 0.0000 0.0000 0.0000 0.0000 0.0207 1.7605 nan
COCOfunction12-dim1-seed1-dists2-centres6-radius0.025-freq100-amp1 kriging 0 0 1 1 0.0006 107.35 0.0000 0.0000 0.0000 0.0000 0.0000 0.0000 0.0000 0.0000 0.0000 0.0000 0.0000 0.0012 1.1584 nan
COCOfunction12-dim1-seed1-dists1-centres6-radius0.025-freq10-amp1.5 kriging 0 0 1 1 0.0001 33.152 0.0340 0.0000 0.0000 0.0000 0.0000 0.0000 0.0000 0.0000 0.0000 0.0000 0.0000 0.0289 1.9461 nan
COCOfunction12-dim1-seed1-dists2-centres6-radius0.025-freq10-amp1.5 kriging 0 0 1 1 0.0109 172.03 0.3330 0.1010 0.0990 0.0000 0.0000 0.0000 0.0000 0.0000 0.0000 0.0000 0.0000 0.0939 1.2272 nan
COCOfunction12-dim1-seed1-dists1-centres6-radius0.025-freq100-amp1.5 kriging 0 0 1 1 0.0004 32.712 0.0000 0.0000 0.0000 0.0000 0.0000 0.0000 0.0000 0.0000 0.0000 0.0000 0.0000 0.0207 1.7563 nan
COCOfunction12-dim1-seed1-dists2-centres6-radius0.025-freq100-amp1.5 kriging 0 0 1 1 0.0005 161.03 0.0000 0.0000 0.0000 0.0000 0.0000 0.0000 0.0000 0.0000 0.0000 0.0000 0.0000 0.0011 1.1346 nan
COCOfunction12-dim1-seed1-dists1-centres6-radius0.025-freq10-amp2 kriging 0 0 1 1 0.0000 44.203 0.0340 0.0000 0.0000 0.0000 0.0000 0.0000 0.0000 0.0000 0.0000 0.0000 0.0000 0.0287 1.9429 nan
COCOfunction12-dim1-seed1-dists2-centres6-radius0.025-freq10-amp2 kriging 0 0 1 1 0.0108 229.38 0.3320 0.1010 0.0230 0.0000 0.0000 0.0000 0.0000 0.0000 0.0000 0.0000 0.0000 0.0876 1.1878 nan
COCOfunction12-dim1-seed1-dists1-centres6-radius0.025-freq100-amp2 kriging 0 0 1 1 0.0005 43.616 0.0000 0.0000 0.0000 0.0000 0.0000 0.0000 0.0000 0.0000 0.0000 0.0000 0.0000 0.0208 1.7541 nan
COCOfunction12-dim1-seed1-dists2-centres6-radius0.025-freq100-amp2 kriging 0 0 1 1 0.0005 214.70 0.0000 0.0000 0.0000 0.0000 0.0000 0.0000 0.0000 0.0000 0.0000 0.0000 0.0000 0.0011 1.1316 nan
COCOfunction12-dim1-seed1-dists1-centres6-radius0.05-freq10-amp0.1 kriging 0 0 1 1 0.0255 1.6578 0.0480 0.0000 0.0000 0.0000 0.0000 0.0000 0.0000 0.0000 0.0000 0.0000 0.0000 0.0335 1.9050 nan
COCOfunction12-dim1-seed1-dists2-centres6-radius0.05-freq10-amp0.1 kriging 0 0 1 1 0.0113 14.884 0.3220 0.0920 0.0000 0.0000 0.0000 0.0000 0.0000 0.0000 0.0000 0.0000 0.0000 0.0761 1.1186 nan
COCOfunction12-dim1-seed1-dists1-centres6-radius0.05-freq100-amp0.1 kriging 0 0 1 1 0.0234 1.5787 0.0000 0.0000 0.0000 0.0000 0.0000 0.0000 0.0000 0.0000 0.0000 0.0000 0.0000 0.0231 1.8602 nan
COCOfunction12-dim1-seed1-dists2-centres6-radius0.05-freq100-amp0.1 kriging 0 0 1 1 0.0011 14.151 0.0000 0.0000 0.0000 0.0000 0.0000 0.0000 0.0000 0.0000 0.0000 0.0000 0.0000 0.0011 1.4942 nan
COCOfunction12-dim1-seed1-dists1-centres6-radius0.05-freq10-amp0.5 kriging 0 0 1 1 0.0003 8.2894 0.0180 0.0000 0.0000 0.0000 0.0000 0.0000 0.0000 0.0000 0.0000 0.0000 0.0000 0.0229 1.7335 nan
COCOfunction12-dim1-seed1-dists2-centres6-radius0.05-freq10-amp0.5 kriging 0 0 1 1 0.0080 74.421 0.3060 0.0870 0.0000 0.0000 0.0000 0.0000 0.0000 0.0000 0.0000 0.0000 0.0000 0.0759 1.2066 nan
COCOfunction12-dim1-seed1-dists1-centres6-radius0.05-freq100-amp0.5 kriging 0 0 1 1 0.0000 7.8935 0.0000 0.0000 0.0000 0.0000 0.0000 0.0000 0.0000 0.0000 0.0000 0.0000 0.0000 0.0228 1.7802 nan
COCOfunction12-dim1-seed1-dists2-centres6-radius0.05-freq100-amp0.5 kriging 0 0 1 1 0.0003 70.756 0.0000 0.0000 0.0000 0.0000 0.0000 0.0000 0.0000 0.0000 0.0000 0.0000 0.0000 0.0009 1.7444 nan
COCOfunction12-dim1-seed1-dists1-centres6-radius0.05-freq10-amp1 kriging 0 0 1 1 0.0000 16.578 0.0120 0.0000 0.0000 0.0000 0.0000 0.0000 0.0000 0.0000 0.0000 0.0000 0.0000 0.0218 1.6995 nan
COCOfunction12-dim1-seed1-dists2-centres6-radius0.05-freq10-amp1 kriging 0 0 1 1 0.0076 148.84 0.3050 0.0850 0.0000 0.0000 0.0000 0.0000 0.0000 0.0000 0.0000 0.0000 0.0000 0.0752 1.1897 nan
COCOfunction12-dim1-seed1-dists1-centres6-radius0.05-freq100-amp1 kriging 0 0 1 1 0.0002 15.787 0.0000 0.0000 0.0000 0.0000 0.0000 0.0000 0.0000 0.0000 0.0000 0.0000 0.0000 0.0231 1.7640 nan
COCOfunction12-dim1-seed1-dists2-centres6-radius0.05-freq100-amp1 kriging 0 0 1 1 0.0002 141.51 0.0000 0.0000 0.0000 0.0000 0.0000 0.0000 0.0000 0.0000 0.0000 0.0000 0.0000 0.0008 1.7498 nan
COCOfunction12-dim1-seed1-dists1-centres6-radius0.05-freq10-amp1.5 kriging 0 0 1 1 0.0000 24.868 0.0120 0.0000 0.0000 0.0000 0.0000 0.0000 0.0000 0.0000 0.0000 0.0000 0.0000 0.0215 1.6879 nan
COCOfunction12-dim1-seed1-dists2-centres6-radius0.05-freq10-amp1.5 kriging 0 0 1 1 0.0075 223.26 0.3050 0.0850 0.0000 0.0000 0.0000 0.0000 0.0000 0.0000 0.0000 0.0000 0.0000 0.0750 1.1830 nan
COCOfunction12-dim1-seed1-dists1-centres6-radius0.05-freq100-amp1.5 kriging 0 0 1 1 0.0004 23.680 0.0000 0.0000 0.0000 0.0000 0.0000 0.0000 0.0000 0.0000 0.0000 0.0000 0.0000 0.0232 1.7585 nan
COCOfunction12-dim1-seed1-dists2-centres6-radius0.05-freq100-amp1.5 kriging 0 0 1 1 0.0002 212.27 0.0000 0.0000 0.0000 0.0000 0.0000 0.0000 0.0000 0.0000 0.0000 0.0000 0.0000 0.0008 1.7483 nan
COCOfunction12-dim1-seed1-dists1-centres6-radius0.05-freq10-amp2 kriging 0 0 1 1 0.0000 33.157 0.0110 0.0000 0.0000 0.0000 0.0000 0.0000 0.0000 0.0000 0.0000 0.0000 0.0000 0.0213 1.6820 nan
COCOfunction12-dim1-seed1-dists2-centres6-radius0.05-freq10-amp2 kriging 0 0 1 1 0.0075 297.68 0.3040 0.0850 0.0000 0.0000 0.0000 0.0000 0.0000 0.0000 0.0000 0.0000 0.0000 0.0749 1.1795 nan
COCOfunction12-dim1-seed1-dists1-centres6-radius0.05-freq100-amp2 kriging 0 0 1 1 0.0006 31.574 0.0000 0.0000 0.0000 0.0000 0.0000 0.0000 0.0000 0.0000 0.0000 0.0000 0.0000 0.0232 1.7558 nan
COCOfunction12-dim1-seed1-dists2-centres6-radius0.05-freq100-amp2 kriging 0 0 1 1 0.0002 283.02 0.0000 0.0000 0.0000 0.0000 0.0000 0.0000 0.0000 0.0000 0.0000 0.0000 0.0000 0.0008 1.7470 nan
COCOfunction12-dim1-seed1-dists1-centres6-radius0.1-freq10-amp0.1 kriging 0 0 1 1 0.0716 0.7338 0.1000 0.0200 0.0000 0.0000 0.0000 0.0000 0.0000 0.0000 0.0000 0.0000 0.0000 0.0512 1.8081 nan
COCOfunction12-dim1-seed1-dists2-centres6-radius0.1-freq10-amp0.1 kriging 0 0 1 1 0.0081 19.063 0.2830 0.0190 0.0000 0.0000 0.0000 0.0000 0.0000 0.0000 0.0000 0.0000 0.0000 0.0668 1.1630 nan
COCOfunction12-dim1-seed1-dists1-centres6-radius0.1-freq100-amp0.1 kriging 0 0 1 1 0.1758 0.6061 0.0310 0.0000 0.0000 0.0000 0.0000 0.0000 0.0000 0.0000 0.0000 0.0000 0.0000 0.0252 1.4743 nan
COCOfunction12-dim1-seed1-dists2-centres6-radius0.1-freq100-amp0.1 kriging 0 0 1 1 0.0008 18.941 0.0000 0.0000 0.0000 0.0000 0.0000 0.0000 0.0000 0.0000 0.0000 0.0000 0.0000 0.0001 1.1091 nan
COCOfunction12-dim1-seed1-dists1-centres6-radius0.1-freq10-amp0.5 kriging 0 0 1 1 0.0027 3.6692 0.0370 0.0050 0.0000 0.0000 0.0000 0.0000 0.0000 0.0000 0.0000 0.0000 0.0000 0.0334 1.9909 nan
COCOfunction12-dim1-seed1-dists2-centres6-radius0.1-freq10-amp0.5 kriging 0 0 1 1 0.0059 95.318 0.2870 0.0220 0.0000 0.0000 0.0000 0.0000 0.0000 0.0000 0.0000 0.0000 0.0000 0.0676 1.1467 nan
COCOfunction12-dim1-seed1-dists1-centres6-radius0.1-freq100-amp0.5 kriging 0 0 1 1 0.0045 3.0308 0.0000 0.0000 0.0000 0.0000 0.0000 0.0000 0.0000 0.0000 0.0000 0.0000 0.0000 0.0150 2.2153 nan
COCOfunction12-dim1-seed1-dists2-centres6-radius0.1-freq100-amp0.5 kriging 0 0 1 1 0.0002 94.707 0.0000 0.0000 0.0000 0.0000 0.0000 0.0000 0.0000 0.0000 0.0000 0.0000 0.0000 0.0001 1.4314 nan
COCOfunction12-dim1-seed1-dists1-centres6-radius0.1-freq10-amp1 kriging 0 0 1 1 0.0087 7.3384 0.0350 0.0020 0.0000 0.0000 0.0000 0.0000 0.0000 0.0000 0.0000 0.0000 0.0000 0.0324 1.9809 nan
COCOfunction12-dim1-seed1-dists2-centres6-radius0.1-freq10-amp1 kriging 0 0 1 1 0.0057 190.63 0.2900 0.0220 0.0000 0.0000 0.0000 0.0000 0.0000 0.0000 0.0000 0.0000 0.0000 0.0677 1.1452 nan
COCOfunction12-dim1-seed1-dists1-centres6-radius0.1-freq100-amp1 kriging 0 0 1 1 0.0003 6.0617 0.0000 0.0000 0.0000 0.0000 0.0000 0.0000 0.0000 0.0000 0.0000 0.0000 0.0000 0.0145 2.1091 nan
COCOfunction12-dim1-seed1-dists2-centres6-radius0.1-freq100-amp1 kriging 0 0 1 1 0.0002 189.41 0.0000 0.0000 0.0000 0.0000 0.0000 0.0000 0.0000 0.0000 0.0000 0.0000 0.0000 0.0001 1.4700 nan
COCOfunction12-dim1-seed1-dists1-centres6-radius0.1-freq10-amp1.5 kriging 0 0 1 1 0.0114 11.007 0.0350 0.0010 0.0000 0.0000 0.0000 0.0000 0.0000 0.0000 0.0000 0.0000 0.0000 0.0322 1.9751 nan
COCOfunction12-dim1-seed1-dists2-centres6-radius0.1-freq10-amp1.5 kriging 0 0 1 1 0.0056 285.95 0.2900 0.0220 0.0000 0.0000 0.0000 0.0000 0.0000 0.0000 0.0000 0.0000 0.0000 0.0678 1.1448 nan
COCOfunction12-dim1-seed1-dists1-centres6-radius0.1-freq100-amp1.5 kriging 0 0 1 1 0.0000 9.0926 0.0000 0.0000 0.0000 0.0000 0.0000 0.0000 0.0000 0.0000 0.0000 0.0000 0.0000 0.0144 2.0652 nan
COCOfunction12-dim1-seed1-dists2-centres6-radius0.1-freq100-amp1.5 kriging 0 0 1 1 0.0001 284.12 0.0000 0.0000 0.0000 0.0000 0.0000 0.0000 0.0000 0.0000 0.0000 0.0000 0.0000 0.0001 1.4816 nan
COCOfunction12-dim1-seed1-dists1-centres6-radius0.1-freq10-amp2 kriging 0 0 1 1 0.0129 14.676 0.0340 0.0010 0.0000 0.0000 0.0000 0.0000 0.0000 0.0000 0.0000 0.0000 0.0000 0.0321 1.9718 nan
COCOfunction12-dim1-seed1-dists2-centres6-radius0.1-freq10-amp2 kriging 0 0 1 1 0.0056 381.27 0.2910 0.0220 0.0000 0.0000 0.0000 0.0000 0.0000 0.0000 0.0000 0.0000 0.0000 0.0678 1.1446 nan
COCOfunction12-dim1-seed1-dists1-centres6-radius0.1-freq100-amp2 kriging 0 0 1 1 0.0000 12.123 0.0000 0.0000 0.0000 0.0000 0.0000 0.0000 0.0000 0.0000 0.0000 0.0000 0.0000 0.0144 2.0424 nan
COCOfunction12-dim1-seed1-dists2-centres6-radius0.1-freq100-amp2 kriging 0 0 1 1 0.0001 378.82 0.0000 0.0000 0.0000 0.0000 0.0000 0.0000 0.0000 0.0000 0.0000 0.0000 0.0000 0.0001 1.4871 nan
COCOfunction12-dim1-seed1-dists1-centres6-radius0.15-freq10-amp0.1 kriging 0 0 1 1 0.9545 0.0643 0.6580 0.6580 0.6580 0.6580 0.6580 0.5120 0.3710 0.3280 0.1210 0.0550 0.0050 0.3735 0.7574 nan
COCOfunction12-dim1-seed1-dists2-centres6-radius0.15-freq10-amp0.1 kriging 0 0 1 1 0.0149 22.105 0.2340 0.0260 0.0000 0.0000 0.0000 0.0000 0.0000 0.0000 0.0000 0.0000 0.0000 0.0619 1.1651 nan
COCOfunction12-dim1-seed1-dists1-centres6-radius0.15-freq100-amp0.1 kriging 0 0 1 1 0.9822 0.0400 0.6610 0.6610 0.6610 0.6610 0.6610 0.6610 0.6610 0.4350 0.1840 0.0810 0.0230 0.4097 0.7236 nan
COCOfunction12-dim1-seed1-dists2-centres6-radius0.15-freq100-amp0.1 kriging 0 0 1 1 0.0003 22.557 0.0000 0.0000 0.0000 0.0000 0.0000 0.0000 0.0000 0.0000 0.0000 0.0000 0.0000 0.0014 2.0242 nan
COCOfunction12-dim1-seed1-dists1-centres6-radius0.15-freq10-amp0.5 kriging 0 0 1 1 0.3907 0.3217 0.3550 0.2180 0.1240 0.0890 0.0560 0.0240 0.0000 0.0000 0.0000 0.0000 0.0000 0.1634 1.4242 nan
COCOfunction12-dim1-seed1-dists2-centres6-radius0.15-freq10-amp0.5 kriging 0 0 1 1 0.0123 110.52 0.2400 0.0150 0.0000 0.0000 0.0000 0.0000 0.0000 0.0000 0.0000 0.0000 0.0000 0.0620 1.1564 nan
COCOfunction12-dim1-seed1-dists1-centres6-radius0.15-freq100-amp0.5 kriging 0 0 1 1 0.6854 0.2001 0.6610 0.3630 0.1440 0.0910 0.0530 0.0230 0.0000 0.0000 0.0000 0.0000 0.0000 0.1604 1.0040 nan
COCOfunction12-dim1-seed1-dists2-centres6-radius0.15-freq100-amp0.5 kriging 0 0 1 1 0.0000 112.78 0.0000 0.0000 0.0000 0.0000 0.0000 0.0000 0.0000 0.0000 0.0000 0.0000 0.0000 0.0013 2.0197 nan
COCOfunction12-dim1-seed1-dists1-centres6-radius0.15-freq10-amp1 kriging 0 0 1 1 0.0970 0.6434 0.2140 0.0820 0.0350 0.0000 0.0000 0.0000 0.0000 0.0000 0.0000 0.0000 0.0000 0.0887 1.6506 nan
COCOfunction12-dim1-seed1-dists2-centres6-radius0.15-freq10-amp1 kriging 0 0 1 1 0.0120 221.05 0.2400 0.0130 0.0000 0.0000 0.0000 0.0000 0.0000 0.0000 0.0000 0.0000 0.0000 0.0620 1.1555 nan
COCOfunction12-dim1-seed1-dists1-centres6-radius0.15-freq100-amp1 kriging 0 0 1 1 0.3484 0.4003 0.1400 0.0500 0.0110 0.0000 0.0000 0.0000 0.0000 0.0000 0.0000 0.0000 0.0000 0.0651 1.2060 nan
COCOfunction12-dim1-seed1-dists2-centres6-radius0.15-freq100-amp1 kriging 0 0 1 1 0.0000 225.57 0.0000 0.0000 0.0000 0.0000 0.0000 0.0000 0.0000 0.0000 0.0000 0.0000 0.0000 0.0013 2.0129 nan
COCOfunction12-dim1-seed1-dists1-centres6-radius0.15-freq10-amp1.5 kriging 0 0 1 1 0.0281 0.9651 0.1650 0.0340 0.0000 0.0000 0.0000 0.0000 0.0000 0.0000 0.0000 0.0000 0.0000 0.0607 1.5801 nan
COCOfunction12-dim1-seed1-dists2-centres6-radius0.15-freq10-amp1.5 kriging 0 0 1 1 0.0119 331.58 0.2410 0.0120 0.0000 0.0000 0.0000 0.0000 0.0000 0.0000 0.0000 0.0000 0.0000 0.0621 1.1552 nan
COCOfunction12-dim1-seed1-dists1-centres6-radius0.15-freq100-amp1.5 kriging 0 0 1 1 0.1892 0.6005 0.0480 0.0000 0.0000 0.0000 0.0000 0.0000 0.0000 0.0000 0.0000 0.0000 0.0000 0.0326 1.2636 nan
COCOfunction12-dim1-seed1-dists2-centres6-radius0.15-freq100-amp1.5 kriging 0 0 1 1 0.0000 338.36 0.0000 0.0000 0.0000 0.0000 0.0000 0.0000 0.0000 0.0000 0.0000 0.0000 0.0000 0.0013 2.0103 nan
COCOfunction12-dim1-seed1-dists1-centres6-radius0.15-freq10-amp2 kriging 0 0 1 1 0.0082 1.2869 0.1320 0.0000 0.0000 0.0000 0.0000 0.0000 0.0000 0.0000 0.0000 0.0000 0.0000 0.0480 1.4823 nan
COCOfunction12-dim1-seed1-dists2-centres6-radius0.15-freq10-amp2 kriging 0 0 1 1 0.0119 442.11 0.2410 0.0110 0.0000 0.0000 0.0000 0.0000 0.0000 0.0000 0.0000 0.0000 0.0000 0.0621 1.1551 nan
COCOfunction12-dim1-seed1-dists1-centres6-radius0.15-freq100-amp2 kriging 0 0 1 1 0.1141 0.8007 0.0040 0.0000 0.0000 0.0000 0.0000 0.0000 0.0000 0.0000 0.0000 0.0000 0.0000 0.0189 1.2744 nan
COCOfunction12-dim1-seed1-dists2-centres6-radius0.15-freq100-amp2 kriging 0 0 1 1 0.0000 451.15 0.0000 0.0000 0.0000 0.0000 0.0000 0.0000 0.0000 0.0000 0.0000 0.0000 0.0000 0.0013 2.0090 nan
COCOfunction12-dim1-seed1-dists1-centres6-radius0.2-freq10-amp0.1 kriging 0 0 1 1 1.0000 0.0000 0.6610 0.6610 0.6610 0.6610 0.6610 0.6610 0.6610 0.6610 0.6610 0.6610 0.6610 0.4736 0.7165 nan
COCOfunction12-dim1-seed1-dists2-centres6-radius0.2-freq10-amp0.1 kriging 0 0 1 1 0.0133 24.401 0.1350 0.0000 0.0000 0.0000 0.0000 0.0000 0.0000 0.0000 0.0000 0.0000 0.0000 0.0488 1.3384 nan
COCOfunction12-dim1-seed1-dists1-centres6-radius0.2-freq100-amp0.1 kriging 0 0 1 1 1.0000 0.0000 0.6610 0.6610 0.6610 0.6610 0.6610 0.6610 0.6610 0.6610 0.6610 0.6610 0.6610 0.4736 0.7165 nan
COCOfunction12-dim1-seed1-dists2-centres6-radius0.2-freq100-amp0.1 kriging 0 0 1 1 0.0001 25.221 0.0000 0.0000 0.0000 0.0000 0.0000 0.0000 0.0000 0.0000 0.0000 0.0000 0.0000 0.0030 1.8521 nan
COCOfunction12-dim1-seed1-dists1-centres6-radius0.2-freq10-amp0.5 kriging 0 0 1 1 1.0000 0.0000 0.6610 0.6610 0.6610 0.6610 0.6610 0.6610 0.6610 0.6610 0.6610 0.6610 0.6610 0.4736 0.7165 nan
COCOfunction12-dim1-seed1-dists2-centres6-radius0.2-freq10-amp0.5 kriging 0 0 1 1 0.0111 122.00 0.1320 0.0000 0.0000 0.0000 0.0000 0.0000 0.0000 0.0000 0.0000 0.0000 0.0000 0.0482 1.3233 nan
COCOfunction12-dim1-seed1-dists1-centres6-radius0.2-freq100-amp0.5 kriging 0 0 1 1 1.0000 0.0000 0.6610 0.6610 0.6610 0.6610 0.6610 0.6610 0.6610 0.6610 0.6610 0.6610 0.6610 0.4736 0.7165 nan
COCOfunction12-dim1-seed1-dists2-centres6-radius0.2-freq100-amp0.5 kriging 0 0 1 1 0.0000 126.10 0.0000 0.0000 0.0000 0.0000 0.0000 0.0000 0.0000 0.0000 0.0000 0.0000 0.0000 0.0029 1.8260 nan
COCOfunction12-dim1-seed1-dists1-centres6-radius0.2-freq10-amp1 kriging 0 0 1 1 1.0000 0.0000 0.6610 0.6610 0.6610 0.6610 0.6610 0.6610 0.6610 0.6610 0.6610 0.6610 0.6610 0.4736 0.7165 nan
COCOfunction12-dim1-seed1-dists2-centres6-radius0.2-freq10-amp1 kriging 0 0 1 1 0.0109 244.01 0.1330 0.0000 0.0000 0.0000 0.0000 0.0000 0.0000 0.0000 0.0000 0.0000 0.0000 0.0481 1.3214 nan
COCOfunction12-dim1-seed1-dists1-centres6-radius0.2-freq100-amp1 kriging 0 0 1 1 1.0000 0.0000 0.6610 0.6610 0.6610 0.6610 0.6610 0.6610 0.6610 0.6610 0.6610 0.6610 0.6610 0.4736 0.7165 nan
COCOfunction12-dim1-seed1-dists2-centres6-radius0.2-freq100-amp1 kriging 0 0 1 1 0.0000 252.21 0.0000 0.0000 0.0000 0.0000 0.0000 0.0000 0.0000 0.0000 0.0000 0.0000 0.0000 0.0029 1.8214 nan
COCOfunction12-dim1-seed1-dists1-centres6-radius0.2-freq10-amp1.5 kriging 0 0 1 1 1.0000 0.0000 0.6610 0.6610 0.6610 0.6610 0.6610 0.6610 0.6610 0.6610 0.6610 0.6610 0.6610 0.4736 0.7165 nan
COCOfunction12-dim1-seed1-dists2-centres6-radius0.2-freq10-amp1.5 kriging 0 0 1 1 0.0108 366.02 0.1330 0.0000 0.0000 0.0000 0.0000 0.0000 0.0000 0.0000 0.0000 0.0000 0.0000 0.0481 1.3208 nan
COCOfunction12-dim1-seed1-dists1-centres6-radius0.2-freq100-amp1.5 kriging 0 0 1 1 1.0000 0.0000 0.6610 0.6610 0.6610 0.6610 0.6610 0.6610 0.6610 0.6610 0.6610 0.6610 0.6610 0.4736 0.7165 nan
COCOfunction12-dim1-seed1-dists2-centres6-radius0.2-freq100-amp1.5 kriging 0 0 1 1 0.0000 378.31 0.0000 0.0000 0.0000 0.0000 0.0000 0.0000 0.0000 0.0000 0.0000 0.0000 0.0000 0.0029 1.8197 nan
COCOfunction12-dim1-seed1-dists1-centres6-radius0.2-freq10-amp2 kriging 0 0 1 1 1.0000 0.0000 0.6610 0.6610 0.6610 0.6610 0.6610 0.6610 0.6610 0.6610 0.6610 0.6610 0.6610 0.4736 0.7165 nan
COCOfunction12-dim1-seed1-dists2-centres6-radius0.2-freq10-amp2 kriging 0 0 1 1 0.0107 488.03 0.1330 0.0000 0.0000 0.0000 0.0000 0.0000 0.0000 0.0000 0.0000 0.0000 0.0000 0.0481 1.3205 nan
COCOfunction12-dim1-seed1-dists1-centres6-radius0.2-freq100-amp2 kriging 0 0 1 1 1.0000 0.0000 0.6610 0.6610 0.6610 0.6610 0.6610 0.6610 0.6610 0.6610 0.6610 0.6610 0.6610 0.4736 0.7165 nan
COCOfunction12-dim1-seed1-dists2-centres6-radius0.2-freq100-amp2 kriging 0 0 1 1 0.0000 504.42 0.0000 0.0000 0.0000 0.0000 0.0000 0.0000 0.0000 0.0000 0.0000 0.0000 0.0000 0.0029 1.8189 nan
