instance technique highFiBudget lowFiBudget seed dimension CC RRMSE LCC_0.1 LCC_0.2 LCC_0.3 LCC_0.4 LCC_0.5 LCC_0.6 LCC_0.7 LCC_0.8 LCC_0.9 LCC_0.95 LCC_0.975 LCC_sd LCC_coeff performance
COCOfunction11-dim10-seed1-dists1-centres3-radius0.25-freq10-amp0.1 kriging 0 0 1 10 0.9866 0.0163 0.9991 0.9974 0.9955 0.9928 0.9878 0.9760 0.9523 0.8912 0.7252 0.5321 0.3553 0.1108 0.1210 nan
COCOfunction11-dim10-seed1-dists2-centres3-radius0.25-freq10-amp0.1 kriging 0 0 1 10 0.9992 0.0034 0.9998 0.9998 0.9998 0.9998 0.9998 0.9995 0.9991 0.9981 0.9944 0.9861 0.9739 0.0221 0.0221 nan
COCOfunction11-dim10-seed1-dists1-centres3-radius0.25-freq100-amp0.1 kriging 0 0 1 10 0.9817 0.0176 0.9969 0.9943 0.9911 0.9857 0.9729 0.9469 0.9067 0.8201 0.6314 0.4382 0.2804 0.1408 0.1590 nan
COCOfunction11-dim10-seed1-dists2-centres3-radius0.25-freq100-amp0.1 kriging 0 0 1 10 0.9991 0.0038 1.0000 0.9999 0.9997 0.9993 0.9991 0.9988 0.9985 0.9974 0.9933 0.9849 0.9697 0.0262 0.0263 nan
COCOfunction11-dim10-seed1-dists1-centres3-radius0.25-freq10-amp0.5 kriging 0 0 1 10 0.7485 0.0818 0.9011 0.8029 0.6911 0.5827 0.4727 0.3734 0.2774 0.1770 0.0853 0.0396 0.0182 0.2824 0.5817 nan
COCOfunction11-dim10-seed1-dists2-centres3-radius0.25-freq10-amp0.5 kriging 0 0 1 10 0.9819 0.0173 0.9984 0.9965 0.9937 0.9886 0.9832 0.9751 0.9629 0.9422 0.9032 0.8554 0.8033 0.1115 0.1158 nan
COCOfunction11-dim10-seed1-dists1-centres3-radius0.25-freq100-amp0.5 kriging 0 0 1 10 0.6814 0.0883 0.8561 0.7325 0.6065 0.4933 0.3911 0.2958 0.2033 0.1253 0.0585 0.0269 0.0145 0.2800 0.6600 nan
COCOfunction11-dim10-seed1-dists2-centres3-radius0.25-freq100-amp0.5 kriging 0 0 1 10 0.9789 0.0190 0.9980 0.9953 0.9916 0.9875 0.9824 0.9734 0.9601 0.9378 0.8896 0.8377 0.7825 0.1162 0.1211 nan
COCOfunction11-dim10-seed1-dists1-centres3-radius0.25-freq10-amp1 kriging 0 0 1 10 0.4295 0.1637 0.6856 0.5034 0.3716 0.2708 0.1928 0.1297 0.0870 0.0486 0.0206 0.0100 0.0054 0.2486 0.8992 nan
COCOfunction11-dim10-seed1-dists2-centres3-radius0.25-freq10-amp1 kriging 0 0 1 10 0.9306 0.0347 0.9914 0.9816 0.9698 0.9567 0.9405 0.9242 0.8999 0.8666 0.8089 0.7537 0.7016 0.1869 0.2037 nan
COCOfunction11-dim10-seed1-dists1-centres3-radius0.25-freq100-amp1 kriging 0 0 1 10 0.3463 0.1766 0.6206 0.4252 0.2930 0.1989 0.1351 0.0920 0.0579 0.0333 0.0155 0.0084 0.0048 0.2285 0.9899 nan
COCOfunction11-dim10-seed1-dists2-centres3-radius0.25-freq100-amp1 kriging 0 0 1 10 0.9217 0.0381 0.9907 0.9817 0.9703 0.9596 0.9418 0.9219 0.8909 0.8527 0.7889 0.7365 0.6908 0.1886 0.2065 nan
COCOfunction11-dim10-seed1-dists1-centres3-radius0.25-freq10-amp1.5 kriging 0 0 1 10 0.2529 0.2455 0.5369 0.3416 0.2227 0.1480 0.1008 0.0637 0.0401 0.0226 0.0105 0.0052 0.0035 0.2096 1.1054 nan
COCOfunction11-dim10-seed1-dists2-centres3-radius0.25-freq10-amp1.5 kriging 0 0 1 10 0.8543 0.0521 0.9785 0.9615 0.9423 0.9229 0.9024 0.8756 0.8483 0.8086 0.7488 0.6951 0.6457 0.2357 0.2679 nan
COCOfunction11-dim10-seed1-dists1-centres3-radius0.25-freq100-amp1.5 kriging 0 0 1 10 0.1891 0.2649 0.4604 0.2666 0.1618 0.1052 0.0679 0.0431 0.0269 0.0164 0.0080 0.0045 0.0028 0.1879 1.2104 nan
COCOfunction11-dim10-seed1-dists2-centres3-radius0.25-freq100-amp1.5 kriging 0 0 1 10 0.8413 0.0571 0.9804 0.9652 0.9450 0.9251 0.8997 0.8695 0.8346 0.7905 0.7329 0.6858 0.6464 0.2355 0.2689 nan
COCOfunction11-dim10-seed1-dists1-centres3-radius0.25-freq10-amp2 kriging 0 0 1 10 0.1615 0.3274 0.4328 0.2480 0.1491 0.0950 0.0617 0.0382 0.0239 0.0140 0.0066 0.0037 0.0023 0.1823 1.2503 nan
COCOfunction11-dim10-seed1-dists2-centres3-radius0.25-freq10-amp2 kriging 0 0 1 10 0.7646 0.0695 0.9659 0.9403 0.9169 0.8932 0.8654 0.8381 0.8060 0.7657 0.7067 0.6548 0.6134 0.2693 0.3172 nan
COCOfunction11-dim10-seed1-dists1-centres3-radius0.25-freq100-amp2 kriging 0 0 1 10 0.1150 0.3532 0.3597 0.1854 0.1084 0.0666 0.0416 0.0263 0.0171 0.0104 0.0052 0.0032 0.0021 0.1620 1.3679 nan
COCOfunction11-dim10-seed1-dists2-centres3-radius0.25-freq100-amp2 kriging 0 0 1 10 0.7515 0.0762 0.9710 0.9455 0.9204 0.8898 0.8608 0.8270 0.7911 0.7512 0.6969 0.6539 0.6172 0.2688 0.3181 nan
COCOfunction11-dim10-seed1-dists1-centres6-radius0.025-freq10-amp0.1 kriging 0 0 1 10 0.9532 0.0315 0.9935 0.9874 0.9749 0.9535 0.9109 0.8443 0.7307 0.5681 0.3378 0.1625 0.0569 0.1857 0.2375 nan
COCOfunction11-dim10-seed1-dists2-centres6-radius0.025-freq10-amp0.1 kriging 0 0 1 10 1.0000 0.0000 1.0000 1.0000 1.0000 1.0000 1.0000 1.0000 1.0000 1.0000 1.0000 1.0000 1.0000 0.0000 0.0000 nan
COCOfunction11-dim10-seed1-dists1-centres6-radius0.025-freq100-amp0.1 kriging 0 0 1 10 0.9358 0.0340 0.9875 0.9740 0.9499 0.9066 0.8372 0.7428 0.6153 0.4596 0.2418 0.0973 0.0231 0.2143 0.2971 nan
COCOfunction11-dim10-seed1-dists2-centres6-radius0.025-freq100-amp0.1 kriging 0 0 1 10 1.0000 0.0000 1.0000 1.0000 1.0000 1.0000 1.0000 1.0000 1.0000 1.0000 1.0000 1.0000 1.0000 0.0000 0.0000 nan
COCOfunction11-dim10-seed1-dists1-centres6-radius0.025-freq10-amp0.5 kriging 0 0 1 10 0.4255 0.1575 0.6602 0.4585 0.3111 0.2029 0.1213 0.0651 0.0266 0.0059 0.0015 0.0007 0.0003 0.2000 0.8689 nan
COCOfunction11-dim10-seed1-dists2-centres6-radius0.025-freq10-amp0.5 kriging 0 0 1 10 1.0000 0.0000 1.0000 1.0000 1.0000 1.0000 1.0000 1.0000 1.0000 1.0000 1.0000 1.0000 1.0000 0.0000 0.0000 nan
COCOfunction11-dim10-seed1-dists1-centres6-radius0.025-freq100-amp0.5 kriging 0 0 1 10 0.3678 0.1704 0.6019 0.3867 0.2416 0.1439 0.0783 0.0369 0.0144 0.0038 0.0010 0.0003 0.0003 0.1800 0.9266 nan
COCOfunction11-dim10-seed1-dists2-centres6-radius0.025-freq100-amp0.5 kriging 0 0 1 10 1.0000 0.0000 1.0000 1.0000 1.0000 1.0000 1.0000 1.0000 1.0000 1.0000 1.0000 1.0000 1.0000 0.0000 0.0000 nan
COCOfunction11-dim10-seed1-dists1-centres6-radius0.025-freq10-amp1 kriging 0 0 1 10 0.1402 0.3150 0.3621 0.1734 0.0836 0.0381 0.0189 0.0078 0.0042 0.0019 0.0008 0.0005 0.0002 0.1277 1.2166 nan
COCOfunction11-dim10-seed1-dists2-centres6-radius0.025-freq10-amp1 kriging 0 0 1 10 1.0000 0.0000 1.0000 1.0000 1.0000 1.0000 1.0000 1.0000 1.0000 1.0000 1.0000 1.0000 1.0000 0.0000 0.0000 nan
COCOfunction11-dim10-seed1-dists1-centres6-radius0.025-freq100-amp1 kriging 0 0 1 10 0.1267 0.3409 0.3201 0.1437 0.0645 0.0318 0.0153 0.0072 0.0029 0.0013 0.0005 0.0003 0.0002 0.1187 1.2625 nan
COCOfunction11-dim10-seed1-dists2-centres6-radius0.025-freq100-amp1 kriging 0 0 1 10 1.0000 0.0000 1.0000 1.0000 1.0000 1.0000 1.0000 1.0000 1.0000 1.0000 1.0000 1.0000 1.0000 0.0000 0.0000 nan
COCOfunction11-dim10-seed1-dists1-centres6-radius0.025-freq10-amp1.5 kriging 0 0 1 10 0.0595 0.4726 0.2437 0.0943 0.0425 0.0218 0.0109 0.0058 0.0030 0.0017 0.0009 0.0003 0.0002 0.1061 1.4385 nan
COCOfunction11-dim10-seed1-dists2-centres6-radius0.025-freq10-amp1.5 kriging 0 0 1 10 1.0000 0.0000 1.0000 1.0000 1.0000 1.0000 1.0000 1.0000 1.0000 1.0000 1.0000 1.0000 1.0000 0.0000 0.0000 nan
COCOfunction11-dim10-seed1-dists1-centres6-radius0.025-freq100-amp1.5 kriging 0 0 1 10 0.0604 0.5114 0.2229 0.0879 0.0408 0.0198 0.0102 0.0052 0.0022 0.0011 0.0004 0.0003 0.0002 0.1021 1.4649 nan
COCOfunction11-dim10-seed1-dists2-centres6-radius0.025-freq100-amp1.5 kriging 0 0 1 10 1.0000 0.0000 1.0000 1.0000 1.0000 1.0000 1.0000 1.0000 1.0000 1.0000 1.0000 1.0000 1.0000 0.0000 0.0000 nan
COCOfunction11-dim10-seed1-dists1-centres6-radius0.025-freq10-amp2 kriging 0 0 1 10 0.0298 0.6301 0.1944 0.0736 0.0339 0.0175 0.0094 0.0049 0.0023 0.0015 0.0010 0.0003 0.0002 0.0983 1.5712 nan
COCOfunction11-dim10-seed1-dists2-centres6-radius0.025-freq10-amp2 kriging 0 0 1 10 1.0000 0.0000 1.0000 1.0000 1.0000 1.0000 1.0000 1.0000 1.0000 1.0000 1.0000 1.0000 1.0000 0.0000 0.0000 nan
COCOfunction11-dim10-seed1-dists1-centres6-radius0.025-freq100-amp2 kriging 0 0 1 10 0.0348 0.6819 0.1836 0.0698 0.0343 0.0164 0.0099 0.0047 0.0022 0.0010 0.0004 0.0003 0.0002 0.0962 1.5828 nan
COCOfunction11-dim10-seed1-dists2-centres6-radius0.025-freq100-amp2 kriging 0 0 1 10 1.0000 0.0000 1.0000 1.0000 1.0000 1.0000 1.0000 1.0000 1.0000 1.0000 1.0000 1.0000 1.0000 0.0000 0.0000 nan
COCOfunction11-dim10-seed1-dists1-centres6-radius0.05-freq10-amp0.1 kriging 0 0 1 10 0.9588 0.0294 0.9949 0.9892 0.9807 0.9642 0.9290 0.8725 0.7697 0.6108 0.3798 0.1930 0.0717 0.1764 0.2202 nan
COCOfunction11-dim10-seed1-dists2-centres6-radius0.05-freq10-amp0.1 kriging 0 0 1 10 1.0000 0.0000 1.0000 1.0000 1.0000 1.0000 1.0000 1.0000 1.0000 1.0000 1.0000 1.0000 1.0000 0.0000 0.0000 nan
COCOfunction11-dim10-seed1-dists1-centres6-radius0.05-freq100-amp0.1 kriging 0 0 1 10 0.9433 0.0318 0.9891 0.9783 0.9585 0.9245 0.8673 0.7768 0.6569 0.4991 0.2783 0.1189 0.0335 0.2063 0.2776 nan
COCOfunction11-dim10-seed1-dists2-centres6-radius0.05-freq100-amp0.1 kriging 0 0 1 10 1.0000 0.0000 1.0000 1.0000 1.0000 1.0000 1.0000 1.0000 1.0000 1.0000 1.0000 1.0000 1.0000 0.0000 0.0000 nan
COCOfunction11-dim10-seed1-dists1-centres6-radius0.05-freq10-amp0.5 kriging 0 0 1 10 0.4592 0.1474 0.6972 0.4939 0.3438 0.2322 0.1425 0.0815 0.0362 0.0085 0.0019 0.0007 0.0004 0.2083 0.8362 nan
COCOfunction11-dim10-seed1-dists2-centres6-radius0.05-freq10-amp0.5 kriging 0 0 1 10 1.0000 0.0000 1.0000 1.0000 1.0000 1.0000 1.0000 1.0000 1.0000 1.0000 1.0000 1.0000 1.0000 0.0000 0.0000 nan
COCOfunction11-dim10-seed1-dists1-centres6-radius0.05-freq100-amp0.5 kriging 0 0 1 10 0.3994 0.1594 0.6346 0.4243 0.2731 0.1712 0.0976 0.0460 0.0187 0.0047 0.0012 0.0004 0.0003 0.1884 0.8941 nan
COCOfunction11-dim10-seed1-dists2-centres6-radius0.05-freq100-amp0.5 kriging 0 0 1 10 1.0000 0.0000 1.0000 1.0000 1.0000 1.0000 1.0000 1.0000 1.0000 1.0000 1.0000 1.0000 1.0000 0.0000 0.0000 nan
COCOfunction11-dim10-seed1-dists1-centres6-radius0.05-freq10-amp1 kriging 0 0 1 10 0.1583 0.2948 0.3862 0.1952 0.0952 0.0448 0.0222 0.0096 0.0047 0.0021 0.0008 0.0005 0.0002 0.1334 1.1801 nan
COCOfunction11-dim10-seed1-dists2-centres6-radius0.05-freq10-amp1 kriging 0 0 1 10 1.0000 0.0000 1.0000 1.0000 1.0000 1.0000 1.0000 1.0000 1.0000 1.0000 1.0000 1.0000 1.0000 0.0000 0.0000 nan
COCOfunction11-dim10-seed1-dists1-centres6-radius0.05-freq100-amp1 kriging 0 0 1 10 0.1423 0.3189 0.3450 0.1596 0.0736 0.0351 0.0177 0.0078 0.0030 0.0013 0.0005 0.0003 0.0002 0.1233 1.2245 nan
COCOfunction11-dim10-seed1-dists2-centres6-radius0.05-freq100-amp1 kriging 0 0 1 10 1.0000 0.0000 1.0000 1.0000 1.0000 1.0000 1.0000 1.0000 1.0000 1.0000 1.0000 1.0000 1.0000 0.0000 0.0000 nan
COCOfunction11-dim10-seed1-dists1-centres6-radius0.05-freq10-amp1.5 kriging 0 0 1 10 0.0684 0.4422 0.2589 0.1027 0.0458 0.0231 0.0117 0.0062 0.0031 0.0018 0.0008 0.0003 0.0002 0.1089 1.4026 nan
COCOfunction11-dim10-seed1-dists2-centres6-radius0.05-freq10-amp1.5 kriging 0 0 1 10 1.0000 0.0000 1.0000 1.0000 1.0000 1.0000 1.0000 1.0000 1.0000 1.0000 1.0000 1.0000 1.0000 0.0000 0.0000 nan
COCOfunction11-dim10-seed1-dists1-centres6-radius0.05-freq100-amp1.5 kriging 0 0 1 10 0.0685 0.4784 0.2393 0.0938 0.0434 0.0219 0.0108 0.0055 0.0023 0.0011 0.0004 0.0003 0.0002 0.1045 1.4294 nan
COCOfunction11-dim10-seed1-dists2-centres6-radius0.05-freq100-amp1.5 kriging 0 0 1 10 1.0000 0.0000 1.0000 1.0000 1.0000 1.0000 1.0000 1.0000 1.0000 1.0000 1.0000 1.0000 1.0000 0.0000 0.0000 nan
COCOfunction11-dim10-seed1-dists1-centres6-radius0.05-freq10-amp2 kriging 0 0 1 10 0.0347 0.5896 0.2035 0.0770 0.0351 0.0189 0.0095 0.0049 0.0023 0.0016 0.0010 0.0003 0.0002 0.0999 1.5436 nan
COCOfunction11-dim10-seed1-dists2-centres6-radius0.05-freq10-amp2 kriging 0 0 1 10 1.0000 0.0000 1.0000 1.0000 1.0000 1.0000 1.0000 1.0000 1.0000 1.0000 1.0000 1.0000 1.0000 0.0000 0.0000 nan
COCOfunction11-dim10-seed1-dists1-centres6-radius0.05-freq100-amp2 kriging 0 0 1 10 0.0396 0.6379 0.1920 0.0729 0.0355 0.0171 0.0101 0.0050 0.0023 0.0010 0.0004 0.0003 0.0002 0.0976 1.5542 nan
COCOfunction11-dim10-seed1-dists2-centres6-radius0.05-freq100-amp2 kriging 0 0 1 10 1.0000 0.0000 1.0000 1.0000 1.0000 1.0000 1.0000 1.0000 1.0000 1.0000 1.0000 1.0000 1.0000 0.0000 0.0000 nan
COCOfunction11-dim10-seed1-dists1-centres6-radius0.1-freq10-amp0.1 kriging 0 0 1 10 0.9696 0.0251 0.9967 0.9933 0.9879 0.9792 0.9605 0.9212 0.8536 0.7134 0.4784 0.2724 0.1236 0.1539 0.1827 nan
COCOfunction11-dim10-seed1-dists2-centres6-radius0.1-freq10-amp0.1 kriging 0 0 1 10 1.0000 0.0000 1.0000 1.0000 1.0000 1.0000 1.0000 1.0000 1.0000 1.0000 1.0000 1.0000 1.0000 0.0000 0.0000 nan
COCOfunction11-dim10-seed1-dists1-centres6-radius0.1-freq100-amp0.1 kriging 0 0 1 10 0.9582 0.0271 0.9931 0.9861 0.9739 0.9545 0.9173 0.8569 0.7528 0.6020 0.3700 0.1844 0.0683 0.1859 0.2346 nan
COCOfunction11-dim10-seed1-dists2-centres6-radius0.1-freq100-amp0.1 kriging 0 0 1 10 1.0000 0.0000 1.0000 1.0000 1.0000 1.0000 1.0000 1.0000 1.0000 1.0000 1.0000 1.0000 1.0000 0.0000 0.0000 nan
COCOfunction11-dim10-seed1-dists1-centres6-radius0.1-freq10-amp0.5 kriging 0 0 1 10 0.5407 0.1256 0.7674 0.5872 0.4316 0.3113 0.2122 0.1294 0.0677 0.0222 0.0028 0.0009 0.0005 0.2275 0.7582 nan
COCOfunction11-dim10-seed1-dists2-centres6-radius0.1-freq10-amp0.5 kriging 0 0 1 10 0.9999 0.0001 1.0000 1.0000 1.0000 1.0000 1.0000 1.0000 1.0000 1.0000 0.9999 0.9999 0.9999 0.0013 0.0013 nan
COCOfunction11-dim10-seed1-dists1-centres6-radius0.1-freq100-amp0.5 kriging 0 0 1 10 0.4784 0.1358 0.7111 0.5138 0.3598 0.2409 0.1499 0.0837 0.0358 0.0106 0.0019 0.0004 0.0003 0.2093 0.8168 nan
COCOfunction11-dim10-seed1-dists2-centres6-radius0.1-freq100-amp0.5 kriging 0 0 1 10 1.0000 0.0000 1.0000 1.0000 1.0000 1.0000 1.0000 1.0000 1.0000 1.0000 1.0000 1.0000 0.9999 0.0002 0.0002 nan
COCOfunction11-dim10-seed1-dists1-centres6-radius0.1-freq10-amp1 kriging 0 0 1 10 0.2089 0.2512 0.4512 0.2532 0.1386 0.0696 0.0347 0.0160 0.0057 0.0028 0.0008 0.0005 0.0003 0.1498 1.0960 nan
COCOfunction11-dim10-seed1-dists2-centres6-radius0.1-freq10-amp1 kriging 0 0 1 10 0.9999 0.0002 1.0000 1.0000 1.0000 1.0000 1.0000 1.0000 0.9999 0.9999 0.9999 0.9999 0.9997 0.0037 0.0037 nan
COCOfunction11-dim10-seed1-dists1-centres6-radius0.1-freq100-amp1 kriging 0 0 1 10 0.1864 0.2717 0.4124 0.2081 0.1065 0.0504 0.0255 0.0117 0.0043 0.0016 0.0007 0.0003 0.0002 0.1372 1.1353 nan
COCOfunction11-dim10-seed1-dists2-centres6-radius0.1-freq100-amp1 kriging 0 0 1 10 0.9999 0.0001 1.0000 1.0000 1.0000 1.0000 1.0000 1.0000 1.0000 1.0000 0.9999 0.9999 0.9999 0.0010 0.0010 nan
COCOfunction11-dim10-seed1-dists1-centres6-radius0.1-freq10-amp1.5 kriging 0 0 1 10 0.0947 0.3768 0.3069 0.1319 0.0605 0.0291 0.0153 0.0070 0.0036 0.0018 0.0008 0.0004 0.0002 0.1179 1.3124 nan
COCOfunction11-dim10-seed1-dists2-centres6-radius0.1-freq10-amp1.5 kriging 0 0 1 10 0.9999 0.0003 1.0000 1.0000 1.0000 1.0000 0.9999 0.9999 0.9999 0.9999 0.9999 0.9997 0.9991 0.0058 0.0058 nan
COCOfunction11-dim10-seed1-dists1-centres6-radius0.1-freq100-amp1.5 kriging 0 0 1 10 0.0924 0.4075 0.2794 0.1180 0.0538 0.0264 0.0128 0.0065 0.0027 0.0012 0.0004 0.0003 0.0002 0.1120 1.3387 nan
COCOfunction11-dim10-seed1-dists2-centres6-radius0.1-freq100-amp1.5 kriging 0 0 1 10 0.9999 0.0001 1.0000 1.0000 1.0000 1.0000 1.0000 1.0000 1.0000 0.9999 0.9999 0.9999 0.9998 0.0021 0.0021 nan
COCOfunction11-dim10-seed1-dists1-centres6-radius0.1-freq10-amp2 kriging 0 0 1 10 0.0495 0.5025 0.2328 0.0898 0.0408 0.0213 0.0109 0.0059 0.0030 0.0017 0.0010 0.0003 0.0002 0.1051 1.4656 nan
COCOfunction11-dim10-seed1-dists2-centres6-radius0.1-freq10-amp2 kriging 0 0 1 10 0.9999 0.0005 1.0000 1.0000 1.0000 0.9999 0.9999 0.9999 0.9999 0.9999 0.9997 0.9993 0.9985 0.0073 0.0073 nan
COCOfunction11-dim10-seed1-dists1-centres6-radius0.1-freq100-amp2 kriging 0 0 1 10 0.0541 0.5434 0.2200 0.0851 0.0397 0.0194 0.0104 0.0050 0.0024 0.0010 0.0004 0.0003 0.0002 0.1021 1.4762 nan
COCOfunction11-dim10-seed1-dists2-centres6-radius0.1-freq100-amp2 kriging 0 0 1 10 0.9999 0.0002 1.0000 1.0000 1.0000 1.0000 1.0000 1.0000 0.9999 0.9999 0.9999 0.9999 0.9997 0.0033 0.0033 nan
COCOfunction11-dim10-seed1-dists1-centres6-radius0.15-freq10-amp0.1 kriging 0 0 1 10 0.9797 0.0203 0.9982 0.9963 0.9935 0.9888 0.9811 0.9625 0.9215 0.8333 0.6149 0.4009 0.2150 0.1263 0.1424 nan
COCOfunction11-dim10-seed1-dists2-centres6-radius0.15-freq10-amp0.1 kriging 0 0 1 10 0.9999 0.0007 1.0000 1.0000 0.9999 0.9999 0.9999 0.9999 0.9999 0.9998 0.9995 0.9988 0.9977 0.0084 0.0084 nan
COCOfunction11-dim10-seed1-dists1-centres6-radius0.15-freq100-amp0.1 kriging 0 0 1 10 0.9722 0.0219 0.9963 0.9916 0.9859 0.9754 0.9572 0.9216 0.8602 0.7322 0.5065 0.2987 0.1403 0.1581 0.1866 nan
COCOfunction11-dim10-seed1-dists2-centres6-radius0.15-freq100-amp0.1 kriging 0 0 1 10 0.9999 0.0007 1.0000 1.0000 1.0000 1.0000 1.0000 0.9999 0.9999 0.9999 0.9996 0.9989 0.9975 0.0054 0.0054 nan
COCOfunction11-dim10-seed1-dists1-centres6-radius0.15-freq10-amp0.5 kriging 0 0 1 10 0.6430 0.1017 0.8454 0.7054 0.5637 0.4348 0.3233 0.2217 0.1344 0.0607 0.0102 0.0026 0.0008 0.2489 0.6585 nan
COCOfunction11-dim10-seed1-dists2-centres6-radius0.15-freq10-amp0.5 kriging 0 0 1 10 0.9990 0.0039 0.9999 0.9998 0.9994 0.9990 0.9986 0.9976 0.9959 0.9940 0.9905 0.9844 0.9783 0.0358 0.0359 nan
COCOfunction11-dim10-seed1-dists1-centres6-radius0.15-freq100-amp0.5 kriging 0 0 1 10 0.5835 0.1099 0.8006 0.6349 0.4890 0.3599 0.2508 0.1606 0.0885 0.0322 0.0061 0.0009 0.0003 0.2357 0.7170 nan
COCOfunction11-dim10-seed1-dists2-centres6-radius0.15-freq100-amp0.5 kriging 0 0 1 10 0.9991 0.0037 0.9997 0.9993 0.9990 0.9989 0.9982 0.9975 0.9960 0.9941 0.9904 0.9837 0.9762 0.0391 0.0392 nan
COCOfunction11-dim10-seed1-dists1-centres6-radius0.15-freq10-amp1 kriging 0 0 1 10 0.2906 0.2035 0.5599 0.3488 0.2144 0.1277 0.0708 0.0342 0.0135 0.0043 0.0012 0.0006 0.0003 0.1773 0.9880 nan
COCOfunction11-dim10-seed1-dists2-centres6-radius0.15-freq10-amp1 kriging 0 0 1 10 0.9962 0.0079 0.9995 0.9984 0.9974 0.9960 0.9941 0.9926 0.9903 0.9862 0.9790 0.9708 0.9607 0.0630 0.0636 nan
COCOfunction11-dim10-seed1-dists1-centres6-radius0.15-freq100-amp1 kriging 0 0 1 10 0.2596 0.2198 0.5191 0.2987 0.1731 0.0957 0.0465 0.0238 0.0094 0.0035 0.0009 0.0003 0.0003 0.1623 1.0245 nan
COCOfunction11-dim10-seed1-dists2-centres6-radius0.15-freq100-amp1 kriging 0 0 1 10 0.9967 0.0074 0.9988 0.9979 0.9969 0.9950 0.9938 0.9916 0.9898 0.9852 0.9770 0.9687 0.9630 0.0675 0.0681 nan
COCOfunction11-dim10-seed1-dists1-centres6-radius0.15-freq10-amp1.5 kriging 0 0 1 10 0.1415 0.3052 0.3852 0.1959 0.0961 0.0487 0.0231 0.0114 0.0049 0.0026 0.0010 0.0004 0.0002 0.1360 1.1964 nan
COCOfunction11-dim10-seed1-dists2-centres6-radius0.15-freq10-amp1.5 kriging 0 0 1 10 0.9915 0.0119 0.9983 0.9963 0.9944 0.9926 0.9904 0.9880 0.9839 0.9790 0.9702 0.9600 0.9516 0.0821 0.0832 nan
COCOfunction11-dim10-seed1-dists1-centres6-radius0.15-freq100-amp1.5 kriging 0 0 1 10 0.1349 0.3298 0.3573 0.1698 0.0811 0.0390 0.0206 0.0092 0.0035 0.0013 0.0007 0.0003 0.0002 0.1276 1.2173 nan
COCOfunction11-dim10-seed1-dists2-centres6-radius0.15-freq100-amp1.5 kriging 0 0 1 10 0.9926 0.0111 0.9977 0.9954 0.9936 0.9914 0.9897 0.9867 0.9825 0.9772 0.9679 0.9623 0.9569 0.0877 0.0890 nan
COCOfunction11-dim10-seed1-dists1-centres6-radius0.15-freq10-amp2 kriging 0 0 1 10 0.0770 0.4070 0.2913 0.1219 0.0575 0.0283 0.0149 0.0070 0.0038 0.0020 0.0009 0.0005 0.0002 0.1164 1.3505 nan
COCOfunction11-dim10-seed1-dists2-centres6-radius0.15-freq10-amp2 kriging 0 0 1 10 0.9850 0.0158 0.9968 0.9944 0.9921 0.9897 0.9867 0.9832 0.9791 0.9730 0.9615 0.9533 0.9453 0.0966 0.0983 nan
COCOfunction11-dim10-seed1-dists1-centres6-radius0.15-freq100-amp2 kriging 0 0 1 10 0.0807 0.4397 0.2745 0.1143 0.0539 0.0260 0.0141 0.0065 0.0027 0.0011 0.0005 0.0003 0.0002 0.1120 1.3582 nan
COCOfunction11-dim10-seed1-dists2-centres6-radius0.15-freq100-amp2 kriging 0 0 1 10 0.9869 0.0148 0.9960 0.9934 0.9908 0.9881 0.9850 0.9809 0.9769 0.9705 0.9639 0.9577 0.9514 0.1034 0.1053 nan
