instance technique highFiBudget lowFiBudget seed dimension CC RRMSE LCC_0.1 LCC_0.2 LCC_0.3 LCC_0.4 LCC_0.5 LCC_0.6 LCC_0.7 LCC_0.8 LCC_0.9 LCC_0.95 LCC_0.975 LCC_sd LCC_coeff performance
COCOfunction9-dim2-seed1-disth1-height0.75-radius0.1-freq10-amp0.1 kriging 0 0 1 2 0.9993 0.0037 1.0000 1.0000 1.0000 1.0000 1.0000 1.0000 1.0000 1.0000 1.0000 1.0000 1.0000 0.0007 0.0007 nan
COCOfunction9-dim2-seed1-disth2-height0.75-radius0.1-freq10-amp0.1 kriging 0 0 1 2 0.9527 0.0320 0.8305 0.7580 0.7070 0.6730 0.6340 0.5840 0.5220 0.3815 0.2240 0.1440 0.1110 0.3514 0.6053 nan
COCOfunction9-dim2-seed1-disth1-height0.75-radius0.1-freq100-amp0.1 kriging 0 0 1 2 0.9995 0.0027 1.0000 1.0000 1.0000 1.0000 1.0000 1.0000 1.0000 1.0000 1.0000 1.0000 1.0000 0.0005 0.0005 nan
COCOfunction9-dim2-seed1-disth2-height0.75-radius0.1-freq100-amp0.1 kriging 0 0 1 2 0.9414 0.0341 0.8080 0.7355 0.6885 0.6530 0.6080 0.5475 0.4615 0.2895 0.1825 0.1305 0.0855 0.3450 0.6336 nan
COCOfunction9-dim2-seed1-disth1-height0.75-radius0.1-freq10-amp0.5 kriging 0 0 1 2 0.9819 0.0188 1.0000 1.0000 1.0000 1.0000 1.0000 1.0000 1.0000 0.9995 0.9850 0.9560 0.9310 0.0224 0.0225 nan
COCOfunction9-dim2-seed1-disth2-height0.75-radius0.1-freq10-amp0.5 kriging 0 0 1 2 0.4637 0.1600 0.4975 0.3540 0.2575 0.1735 0.1345 0.1180 0.0925 0.0665 0.0310 0.0030 0.0000 0.2578 1.2150 nan
COCOfunction9-dim2-seed1-disth1-height0.75-radius0.1-freq100-amp0.5 kriging 0 0 1 2 0.9897 0.0139 1.0000 1.0000 1.0000 1.0000 1.0000 1.0000 1.0000 1.0000 0.9980 0.9800 0.9480 0.0126 0.0127 nan
COCOfunction9-dim2-seed1-disth2-height0.75-radius0.1-freq100-amp0.5 kriging 0 0 1 2 0.3808 0.1708 0.4105 0.2125 0.1630 0.1315 0.1075 0.0825 0.0635 0.0395 0.0080 0.0000 0.0000 0.2248 1.4479 nan
COCOfunction9-dim2-seed1-disth1-height0.75-radius0.1-freq10-amp1 kriging 0 0 1 2 0.9250 0.0377 1.0000 1.0000 1.0000 0.9985 0.9925 0.9860 0.9725 0.9535 0.9305 0.9160 0.9095 0.0819 0.0837 nan
COCOfunction9-dim2-seed1-disth2-height0.75-radius0.1-freq10-amp1 kriging 0 0 1 2 0.1904 0.3201 0.3045 0.1835 0.1275 0.0950 0.0755 0.0575 0.0385 0.0140 0.0000 0.0000 0.0000 0.1908 1.5369 nan
COCOfunction9-dim2-seed1-disth1-height0.75-radius0.1-freq100-amp1 kriging 0 0 1 2 0.9598 0.0278 1.0000 1.0000 1.0000 1.0000 1.0000 1.0000 0.9945 0.9855 0.9515 0.9295 0.9120 0.0435 0.0440 nan
COCOfunction9-dim2-seed1-disth2-height0.75-radius0.1-freq100-amp1 kriging 0 0 1 2 0.1267 0.3416 0.1565 0.0965 0.0680 0.0525 0.0345 0.0155 0.0065 0.0000 0.0000 0.0000 0.0000 0.1336 1.9665 nan
COCOfunction9-dim2-seed1-disth1-height0.75-radius0.1-freq10-amp1.5 kriging 0 0 1 2 0.8321 0.0565 1.0000 0.9925 0.9860 0.9780 0.9640 0.9530 0.9390 0.9280 0.9155 0.9080 0.9000 0.1416 0.1474 nan
COCOfunction9-dim2-seed1-disth2-height0.75-radius0.1-freq10-amp1.5 kriging 0 0 1 2 0.1017 0.4801 0.2325 0.1365 0.0825 0.0620 0.0455 0.0300 0.0125 0.0000 0.0000 0.0000 0.0000 0.1514 1.6501 nan
COCOfunction9-dim2-seed1-disth1-height0.75-radius0.1-freq100-amp1.5 kriging 0 0 1 2 0.9131 0.0417 1.0000 1.0000 1.0000 1.0000 0.9945 0.9870 0.9735 0.9510 0.9270 0.9110 0.8980 0.0788 0.0806 nan
COCOfunction9-dim2-seed1-disth2-height0.75-radius0.1-freq100-amp1.5 kriging 0 0 1 2 0.0573 0.5124 0.0910 0.0530 0.0330 0.0145 0.0075 0.0000 0.0000 0.0000 0.0000 0.0000 0.0000 0.0828 2.2024 nan
COCOfunction9-dim2-seed1-disth1-height0.75-radius0.1-freq10-amp2 kriging 0 0 1 2 0.7147 0.0754 0.9880 0.9780 0.9640 0.9525 0.9415 0.9325 0.9260 0.9160 0.9100 0.9005 0.8925 0.1852 0.1959 nan
COCOfunction9-dim2-seed1-disth2-height0.75-radius0.1-freq10-amp2 kriging 0 0 1 2 0.0644 0.6401 0.1995 0.1040 0.0620 0.0455 0.0300 0.0135 0.0025 0.0000 0.0000 0.0000 0.0000 0.1265 1.6847 nan
COCOfunction9-dim2-seed1-disth1-height0.75-radius0.1-freq100-amp2 kriging 0 0 1 2 0.8542 0.0557 1.0000 1.0000 0.9985 0.9915 0.9830 0.9660 0.9495 0.9325 0.9130 0.9005 0.8865 0.1110 0.1147 nan
COCOfunction9-dim2-seed1-disth2-height0.75-radius0.1-freq100-amp2 kriging 0 0 1 2 0.0311 0.6832 0.0545 0.0270 0.0120 0.0035 0.0000 0.0000 0.0000 0.0000 0.0000 0.0000 0.0000 0.0542 2.2779 nan
COCOfunction9-dim2-seed1-disth1-height0.75-radius0.15-freq10-amp0.1 kriging 0 0 1 2 0.9991 0.0043 1.0000 1.0000 1.0000 1.0000 1.0000 1.0000 1.0000 1.0000 1.0000 1.0000 1.0000 0.0009 0.0009 nan
COCOfunction9-dim2-seed1-disth2-height0.75-radius0.15-freq10-amp0.1 kriging 0 0 1 2 0.9554 0.0310 0.8315 0.7635 0.7105 0.6760 0.6385 0.5910 0.5285 0.3955 0.2355 0.1495 0.1150 0.3520 0.5994 nan
COCOfunction9-dim2-seed1-disth1-height0.75-radius0.15-freq100-amp0.1 kriging 0 0 1 2 0.9993 0.0035 1.0000 1.0000 1.0000 1.0000 1.0000 1.0000 1.0000 1.0000 1.0000 1.0000 1.0000 0.0008 0.0008 nan
COCOfunction9-dim2-seed1-disth2-height0.75-radius0.15-freq100-amp0.1 kriging 0 0 1 2 0.9445 0.0331 0.8125 0.7405 0.6935 0.6565 0.6135 0.5535 0.4745 0.2995 0.1885 0.1330 0.0920 0.3462 0.6275 nan
COCOfunction9-dim2-seed1-disth1-height0.75-radius0.15-freq10-amp0.5 kriging 0 0 1 2 0.9764 0.0216 1.0000 1.0000 1.0000 1.0000 1.0000 1.0000 1.0000 0.9935 0.9735 0.9435 0.9235 0.0288 0.0290 nan
COCOfunction9-dim2-seed1-disth2-height0.75-radius0.15-freq10-amp0.5 kriging 0 0 1 2 0.4815 0.1553 0.5055 0.3670 0.2685 0.1820 0.1390 0.1235 0.0990 0.0725 0.0380 0.0080 0.0000 0.2633 1.2011 nan
COCOfunction9-dim2-seed1-disth1-height0.75-radius0.15-freq100-amp0.5 kriging 0 0 1 2 0.9836 0.0175 1.0000 1.0000 1.0000 1.0000 1.0000 1.0000 1.0000 1.0000 0.9880 0.9580 0.9320 0.0195 0.0197 nan
COCOfunction9-dim2-seed1-disth2-height0.75-radius0.15-freq100-amp0.5 kriging 0 0 1 2 0.3942 0.1659 0.4305 0.2200 0.1690 0.1380 0.1135 0.0870 0.0650 0.0450 0.0120 0.0000 0.0000 0.2308 1.4331 nan
COCOfunction9-dim2-seed1-disth1-height0.75-radius0.15-freq10-amp1 kriging 0 0 1 2 0.9016 0.0432 1.0000 1.0000 0.9980 0.9920 0.9860 0.9755 0.9605 0.9425 0.9230 0.9120 0.9040 0.1014 0.1043 nan
COCOfunction9-dim2-seed1-disth2-height0.75-radius0.15-freq10-amp1 kriging 0 0 1 2 0.2034 0.3106 0.3180 0.1920 0.1315 0.1025 0.0810 0.0610 0.0425 0.0200 0.0000 0.0000 0.0000 0.1988 1.5316 nan
COCOfunction9-dim2-seed1-disth1-height0.75-radius0.15-freq100-amp1 kriging 0 0 1 2 0.9366 0.0351 1.0000 1.0000 1.0000 1.0000 1.0000 0.9930 0.9865 0.9650 0.9340 0.9125 0.8965 0.0634 0.0646 nan
COCOfunction9-dim2-seed1-disth2-height0.75-radius0.15-freq100-amp1 kriging 0 0 1 2 0.1329 0.3318 0.1605 0.1010 0.0730 0.0555 0.0395 0.0215 0.0100 0.0010 0.0000 0.0000 0.0000 0.1420 1.9743 nan
COCOfunction9-dim2-seed1-disth1-height0.75-radius0.15-freq10-amp1.5 kriging 0 0 1 2 0.7811 0.0648 0.9925 0.9860 0.9765 0.9640 0.9530 0.9415 0.9315 0.9210 0.9115 0.9015 0.8925 0.1659 0.1742 nan
COCOfunction9-dim2-seed1-disth2-height0.75-radius0.15-freq10-amp1.5 kriging 0 0 1 2 0.1105 0.4660 0.2405 0.1460 0.0890 0.0680 0.0490 0.0345 0.0150 0.0025 0.0000 0.0000 0.0000 0.1601 1.6571 nan
COCOfunction9-dim2-seed1-disth1-height0.75-radius0.15-freq100-amp1.5 kriging 0 0 1 2 0.8656 0.0527 1.0000 1.0000 0.9990 0.9925 0.9850 0.9695 0.9515 0.9335 0.9115 0.8955 0.8820 0.1079 0.1115 nan
COCOfunction9-dim2-seed1-disth2-height0.75-radius0.15-freq100-amp1.5 kriging 0 0 1 2 0.0602 0.4977 0.0980 0.0555 0.0365 0.0180 0.0095 0.0035 0.0000 0.0000 0.0000 0.0000 0.0000 0.0910 2.2501 nan
COCOfunction9-dim2-seed1-disth1-height0.75-radius0.15-freq10-amp2 kriging 0 0 1 2 0.6354 0.0864 0.9800 0.9625 0.9520 0.9405 0.9330 0.9270 0.9180 0.9125 0.9045 0.8940 0.8835 0.2078 0.2219 nan
COCOfunction9-dim2-seed1-disth2-height0.75-radius0.15-freq10-amp2 kriging 0 0 1 2 0.0708 0.6213 0.2065 0.1125 0.0685 0.0470 0.0350 0.0175 0.0060 0.0000 0.0000 0.0000 0.0000 0.1351 1.7020 nan
COCOfunction9-dim2-seed1-disth1-height0.75-radius0.15-freq100-amp2 kriging 0 0 1 2 0.7805 0.0703 1.0000 0.9970 0.9885 0.9770 0.9610 0.9455 0.9325 0.9170 0.8990 0.8840 0.8775 0.1443 0.1511 nan
COCOfunction9-dim2-seed1-disth2-height0.75-radius0.15-freq100-amp2 kriging 0 0 1 2 0.0327 0.6636 0.0590 0.0320 0.0140 0.0080 0.0010 0.0000 0.0000 0.0000 0.0000 0.0000 0.0000 0.0612 2.3740 nan
COCOfunction9-dim2-seed1-disth1-height0.75-radius0.2-freq10-amp0.1 kriging 0 0 1 2 0.9989 0.0047 1.0000 1.0000 1.0000 1.0000 1.0000 1.0000 1.0000 1.0000 1.0000 1.0000 1.0000 0.0011 0.0011 nan
COCOfunction9-dim2-seed1-disth2-height0.75-radius0.2-freq10-amp0.1 kriging 0 0 1 2 0.9583 0.0300 0.8380 0.7670 0.7150 0.6800 0.6440 0.6000 0.5430 0.4110 0.2485 0.1555 0.1190 0.3526 0.5927 nan
COCOfunction9-dim2-seed1-disth1-height0.75-radius0.2-freq100-amp0.1 kriging 0 0 1 2 0.9991 0.0040 1.0000 1.0000 1.0000 1.0000 1.0000 1.0000 1.0000 1.0000 1.0000 1.0000 1.0000 0.0010 0.0010 nan
COCOfunction9-dim2-seed1-disth2-height0.75-radius0.2-freq100-amp0.1 kriging 0 0 1 2 0.9479 0.0320 0.8180 0.7455 0.7010 0.6610 0.6215 0.5630 0.4940 0.3135 0.1935 0.1365 0.0985 0.3476 0.6206 nan
COCOfunction9-dim2-seed1-disth1-height0.75-radius0.2-freq10-amp0.5 kriging 0 0 1 2 0.9721 0.0235 1.0000 1.0000 1.0000 1.0000 1.0000 1.0000 1.0000 0.9910 0.9650 0.9365 0.9170 0.0337 0.0340 nan
COCOfunction9-dim2-seed1-disth2-height0.75-radius0.2-freq10-amp0.5 kriging 0 0 1 2 0.5017 0.1500 0.5170 0.3810 0.2830 0.1990 0.1445 0.1250 0.1075 0.0780 0.0435 0.0130 0.0000 0.2694 1.1843 nan
COCOfunction9-dim2-seed1-disth1-height0.75-radius0.2-freq100-amp0.5 kriging 0 0 1 2 0.9787 0.0200 1.0000 1.0000 1.0000 1.0000 1.0000 1.0000 1.0000 0.9990 0.9775 0.9465 0.9220 0.0249 0.0251 nan
COCOfunction9-dim2-seed1-disth2-height0.75-radius0.2-freq100-amp0.5 kriging 0 0 1 2 0.4100 0.1604 0.4465 0.2290 0.1740 0.1435 0.1180 0.0910 0.0710 0.0505 0.0145 0.0025 0.0000 0.2374 1.4144 nan
COCOfunction9-dim2-seed1-disth1-height0.75-radius0.2-freq10-amp1 kriging 0 0 1 2 0.8830 0.0471 1.0000 0.9995 0.9925 0.9880 0.9815 0.9665 0.9525 0.9365 0.9170 0.9090 0.8965 0.1149 0.1187 nan
COCOfunction9-dim2-seed1-disth2-height0.75-radius0.2-freq10-amp1 kriging 0 0 1 2 0.2188 0.3001 0.3335 0.2025 0.1355 0.1095 0.0840 0.0670 0.0485 0.0280 0.0020 0.0000 0.0000 0.2074 1.5218 nan
COCOfunction9-dim2-seed1-disth1-height0.75-radius0.2-freq100-amp1 kriging 0 0 1 2 0.9185 0.0401 1.0000 1.0000 1.0000 1.0000 0.9960 0.9885 0.9760 0.9505 0.9240 0.9030 0.8860 0.0769 0.0786 nan
COCOfunction9-dim2-seed1-disth2-height0.75-radius0.2-freq100-amp1 kriging 0 0 1 2 0.1405 0.3208 0.1660 0.1100 0.0790 0.0610 0.0455 0.0280 0.0140 0.0040 0.0000 0.0000 0.0000 0.1514 1.9754 nan
COCOfunction9-dim2-seed1-disth1-height0.75-radius0.2-freq10-amp1.5 kriging 0 0 1 2 0.7419 0.0706 0.9895 0.9805 0.9650 0.9565 0.9450 0.9355 0.9270 0.9160 0.9075 0.8950 0.8815 0.1811 0.1914 nan
COCOfunction9-dim2-seed1-disth2-height0.75-radius0.2-freq10-amp1.5 kriging 0 0 1 2 0.1210 0.4502 0.2515 0.1515 0.0995 0.0750 0.0575 0.0420 0.0240 0.0070 0.0000 0.0000 0.0000 0.1696 1.6587 nan
COCOfunction9-dim2-seed1-disth1-height0.75-radius0.2-freq100-amp1.5 kriging 0 0 1 2 0.8310 0.0602 1.0000 1.0000 0.9930 0.9870 0.9735 0.9585 0.9400 0.9250 0.9020 0.8850 0.8775 0.1249 0.1299 nan
COCOfunction9-dim2-seed1-disth2-height0.75-radius0.2-freq100-amp1.5 kriging 0 0 1 2 0.0639 0.4812 0.1010 0.0620 0.0420 0.0250 0.0140 0.0080 0.0015 0.0000 0.0000 0.0000 0.0000 0.1004 2.2888 nan
COCOfunction9-dim2-seed1-disth1-height0.75-radius0.2-freq10-amp2 kriging 0 0 1 2 0.5776 0.0942 0.9695 0.9545 0.9440 0.9355 0.9290 0.9210 0.9145 0.9095 0.8975 0.8835 0.8740 0.2211 0.2376 nan
COCOfunction9-dim2-seed1-disth2-height0.75-radius0.2-freq10-amp2 kriging 0 0 1 2 0.0786 0.6003 0.2160 0.1225 0.0760 0.0575 0.0415 0.0265 0.0105 0.0000 0.0000 0.0000 0.0000 0.1445 1.7139 nan
COCOfunction9-dim2-seed1-disth1-height0.75-radius0.2-freq100-amp2 kriging 0 0 1 2 0.7306 0.0803 1.0000 0.9920 0.9825 0.9645 0.9495 0.9370 0.9245 0.9105 0.8890 0.8785 0.8705 0.1618 0.1707 nan
COCOfunction9-dim2-seed1-disth2-height0.75-radius0.2-freq100-amp2 kriging 0 0 1 2 0.0347 0.6416 0.0660 0.0365 0.0175 0.0095 0.0040 0.0005 0.0000 0.0000 0.0000 0.0000 0.0000 0.0697 2.4625 nan
COCOfunction9-dim2-seed1-disth1-height0.75-radius0.25-freq10-amp0.1 kriging 0 0 1 2 0.9988 0.0050 1.0000 1.0000 1.0000 1.0000 1.0000 1.0000 1.0000 1.0000 1.0000 1.0000 1.0000 0.0012 0.0012 nan
COCOfunction9-dim2-seed1-disth2-height0.75-radius0.25-freq10-amp0.1 kriging 0 0 1 2 0.9615 0.0288 0.8450 0.7720 0.7210 0.6860 0.6565 0.6085 0.5530 0.4315 0.2630 0.1660 0.1240 0.3531 0.5850 nan
COCOfunction9-dim2-seed1-disth1-height0.75-radius0.25-freq100-amp0.1 kriging 0 0 1 2 0.9989 0.0044 1.0000 1.0000 1.0000 1.0000 1.0000 1.0000 1.0000 1.0000 1.0000 1.0000 1.0000 0.0013 0.0013 nan
COCOfunction9-dim2-seed1-disth2-height0.75-radius0.25-freq100-amp0.1 kriging 0 0 1 2 0.9516 0.0308 0.8260 0.7515 0.7095 0.6670 0.6290 0.5730 0.5085 0.3345 0.1990 0.1465 0.1055 0.3490 0.6127 nan
COCOfunction9-dim2-seed1-disth1-height0.75-radius0.25-freq10-amp0.5 kriging 0 0 1 2 0.9685 0.0251 1.0000 1.0000 1.0000 1.0000 1.0000 1.0000 0.9990 0.9890 0.9600 0.9330 0.9135 0.0373 0.0377 nan
COCOfunction9-dim2-seed1-disth2-height0.75-radius0.25-freq10-amp0.5 kriging 0 0 1 2 0.5244 0.1442 0.5370 0.3980 0.2935 0.2160 0.1540 0.1305 0.1125 0.0840 0.0515 0.0175 0.0010 0.2758 1.1639 nan
COCOfunction9-dim2-seed1-disth1-height0.75-radius0.25-freq100-amp0.5 kriging 0 0 1 2 0.9736 0.0224 1.0000 1.0000 1.0000 1.0000 1.0000 1.0000 1.0000 0.9940 0.9710 0.9370 0.9135 0.0302 0.0305 nan
COCOfunction9-dim2-seed1-disth2-height0.75-radius0.25-freq100-amp0.5 kriging 0 0 1 2 0.4290 0.1542 0.4595 0.2400 0.1805 0.1490 0.1255 0.1010 0.0775 0.0565 0.0230 0.0060 0.0000 0.2445 1.3909 nan
COCOfunction9-dim2-seed1-disth1-height0.75-radius0.25-freq10-amp1 kriging 0 0 1 2 0.8667 0.0503 1.0000 0.9975 0.9905 0.9855 0.9735 0.9610 0.9470 0.9320 0.9140 0.9030 0.8900 0.1262 0.1309 nan
COCOfunction9-dim2-seed1-disth2-height0.75-radius0.25-freq10-amp1 kriging 0 0 1 2 0.2365 0.2884 0.3455 0.2145 0.1445 0.1155 0.0935 0.0755 0.0565 0.0340 0.0070 0.0000 0.0000 0.2165 1.5054 nan
COCOfunction9-dim2-seed1-disth1-height0.75-radius0.25-freq100-amp1 kriging 0 0 1 2 0.9010 0.0448 1.0000 1.0000 1.0000 0.9985 0.9915 0.9840 0.9655 0.9435 0.9185 0.8940 0.8805 0.0887 0.0911 nan
COCOfunction9-dim2-seed1-disth2-height0.75-radius0.25-freq100-amp1 kriging 0 0 1 2 0.1502 0.3085 0.1735 0.1180 0.0860 0.0650 0.0505 0.0345 0.0175 0.0080 0.0000 0.0000 0.0000 0.1617 1.9667 nan
COCOfunction9-dim2-seed1-disth1-height0.75-radius0.25-freq10-amp1.5 kriging 0 0 1 2 0.7067 0.0754 0.9860 0.9710 0.9600 0.9505 0.9375 0.9315 0.9230 0.9135 0.9005 0.8865 0.8730 0.1940 0.2063 nan
COCOfunction9-dim2-seed1-disth2-height0.75-radius0.25-freq10-amp1.5 kriging 0 0 1 2 0.1332 0.4326 0.2675 0.1570 0.1110 0.0825 0.0650 0.0470 0.0320 0.0110 0.0000 0.0000 0.0000 0.1794 1.6516 nan
COCOfunction9-dim2-seed1-disth1-height0.75-radius0.25-freq100-amp1.5 kriging 0 0 1 2 0.7993 0.0672 1.0000 0.9980 0.9900 0.9820 0.9655 0.9500 0.9345 0.9190 0.8930 0.8790 0.8705 0.1385 0.1449 nan
COCOfunction9-dim2-seed1-disth2-height0.75-radius0.25-freq100-amp1.5 kriging 0 0 1 2 0.0687 0.4628 0.1075 0.0675 0.0485 0.0330 0.0175 0.0100 0.0040 0.0000 0.0000 0.0000 0.0000 0.1110 2.3093 nan
COCOfunction9-dim2-seed1-disth1-height0.75-radius0.25-freq10-amp2 kriging 0 0 1 2 0.5260 0.1006 0.9615 0.9505 0.9375 0.9310 0.9240 0.9165 0.9115 0.9055 0.8905 0.8760 0.8645 0.2321 0.2510 nan
COCOfunction9-dim2-seed1-disth2-height0.75-radius0.25-freq10-amp2 kriging 0 0 1 2 0.0875 0.5769 0.2255 0.1320 0.0825 0.0640 0.0465 0.0315 0.0145 0.0010 0.0000 0.0000 0.0000 0.1542 1.7150 nan
COCOfunction9-dim2-seed1-disth1-height0.75-radius0.25-freq100-amp2 kriging 0 0 1 2 0.6879 0.0896 0.9980 0.9870 0.9735 0.9580 0.9425 0.9320 0.9180 0.9015 0.8815 0.8725 0.8660 0.1747 0.1854 nan
COCOfunction9-dim2-seed1-disth2-height0.75-radius0.25-freq100-amp2 kriging 0 0 1 2 0.0374 0.6171 0.0740 0.0440 0.0235 0.0140 0.0080 0.0025 0.0000 0.0000 0.0000 0.0000 0.0000 0.0793 2.5231 nan
COCOfunction9-dim2-seed1-disth1-height1-radius0.025-freq10-amp0.1 kriging 0 0 1 2 1.0000 0.0000 1.0000 1.0000 1.0000 1.0000 1.0000 1.0000 1.0000 1.0000 1.0000 1.0000 1.0000 0.0000 0.0000 nan
COCOfunction9-dim2-seed1-disth2-height1-radius0.025-freq10-amp0.1 kriging 0 0 1 2 0.9071 0.0457 0.7690 0.6950 0.6500 0.5990 0.5490 0.4595 0.3500 0.2345 0.1420 0.1030 0.0615 0.3407 0.6913 nan
COCOfunction9-dim2-seed1-disth1-height1-radius0.025-freq100-amp0.1 kriging 0 0 1 2 1.0000 0.0000 1.0000 1.0000 1.0000 1.0000 1.0000 1.0000 1.0000 1.0000 1.0000 1.0000 1.0000 0.0000 0.0000 nan
COCOfunction9-dim2-seed1-disth2-height1-radius0.025-freq100-amp0.1 kriging 0 0 1 2 0.8882 0.0486 0.7515 0.6780 0.6265 0.5640 0.5030 0.3420 0.2515 0.1915 0.1280 0.0785 0.0405 0.3278 0.7296 nan
COCOfunction9-dim2-seed1-disth1-height1-radius0.025-freq10-amp0.5 kriging 0 0 1 2 1.0000 0.0000 1.0000 1.0000 1.0000 1.0000 1.0000 1.0000 1.0000 1.0000 1.0000 1.0000 1.0000 0.0000 0.0000 nan
COCOfunction9-dim2-seed1-disth2-height1-radius0.025-freq10-amp0.5 kriging 0 0 1 2 0.2830 0.2285 0.3970 0.2365 0.1585 0.1170 0.0925 0.0675 0.0455 0.0155 0.0000 0.0000 0.0000 0.2038 1.3637 nan
COCOfunction9-dim2-seed1-disth1-height1-radius0.025-freq100-amp0.5 kriging 0 0 1 2 1.0000 0.0000 1.0000 1.0000 1.0000 1.0000 1.0000 1.0000 1.0000 1.0000 1.0000 1.0000 1.0000 0.0000 0.0000 nan
COCOfunction9-dim2-seed1-disth2-height1-radius0.025-freq100-amp0.5 kriging 0 0 1 2 0.2338 0.2431 0.2295 0.1490 0.1090 0.0790 0.0590 0.0380 0.0110 0.0000 0.0000 0.0000 0.0000 0.1627 1.6397 nan
COCOfunction9-dim2-seed1-disth1-height1-radius0.025-freq10-amp1 kriging 0 0 1 2 1.0000 0.0000 1.0000 1.0000 1.0000 1.0000 1.0000 1.0000 1.0000 1.0000 1.0000 1.0000 1.0000 0.0000 0.0000 nan
COCOfunction9-dim2-seed1-disth2-height1-radius0.025-freq10-amp1 kriging 0 0 1 2 0.0908 0.4570 0.2280 0.1260 0.0680 0.0450 0.0275 0.0110 0.0005 0.0000 0.0000 0.0000 0.0000 0.1257 1.5359 nan
COCOfunction9-dim2-seed1-disth1-height1-radius0.025-freq100-amp1 kriging 0 0 1 2 1.0000 0.0000 1.0000 1.0000 1.0000 1.0000 1.0000 1.0000 1.0000 1.0000 1.0000 1.0000 1.0000 0.0000 0.0000 nan
COCOfunction9-dim2-seed1-disth2-height1-radius0.025-freq100-amp1 kriging 0 0 1 2 0.0675 0.4862 0.0955 0.0535 0.0220 0.0045 0.0000 0.0000 0.0000 0.0000 0.0000 0.0000 0.0000 0.0709 1.9385 nan
COCOfunction9-dim2-seed1-disth1-height1-radius0.025-freq10-amp1.5 kriging 0 0 1 2 1.0000 0.0000 1.0000 1.0000 1.0000 1.0000 1.0000 1.0000 1.0000 1.0000 1.0000 1.0000 1.0000 0.0000 0.0000 nan
COCOfunction9-dim2-seed1-disth2-height1-radius0.025-freq10-amp1.5 kriging 0 0 1 2 0.0430 0.6855 0.1765 0.0725 0.0355 0.0180 0.0055 0.0000 0.0000 0.0000 0.0000 0.0000 0.0000 0.0902 1.5202 nan
COCOfunction9-dim2-seed1-disth1-height1-radius0.025-freq100-amp1.5 kriging 0 0 1 2 1.0000 0.0000 1.0000 1.0000 1.0000 1.0000 1.0000 1.0000 1.0000 1.0000 1.0000 1.0000 1.0000 0.0000 0.0000 nan
COCOfunction9-dim2-seed1-disth2-height1-radius0.025-freq100-amp1.5 kriging 0 0 1 2 0.0296 0.7294 0.0465 0.0105 0.0000 0.0000 0.0000 0.0000 0.0000 0.0000 0.0000 0.0000 0.0000 0.0360 1.8964 nan
COCOfunction9-dim2-seed1-disth1-height1-radius0.025-freq10-amp2 kriging 0 0 1 2 1.0000 0.0000 1.0000 1.0000 1.0000 1.0000 1.0000 1.0000 1.0000 1.0000 1.0000 1.0000 1.0000 0.0000 0.0000 nan
COCOfunction9-dim2-seed1-disth2-height1-radius0.025-freq10-amp2 kriging 0 0 1 2 0.0249 0.9140 0.1440 0.0505 0.0190 0.0055 0.0000 0.0000 0.0000 0.0000 0.0000 0.0000 0.0000 0.0722 1.4761 nan
COCOfunction9-dim2-seed1-disth1-height1-radius0.025-freq100-amp2 kriging 0 0 1 2 1.0000 0.0000 1.0000 1.0000 1.0000 1.0000 1.0000 1.0000 1.0000 1.0000 1.0000 1.0000 1.0000 0.0000 0.0000 nan
COCOfunction9-dim2-seed1-disth2-height1-radius0.025-freq100-amp2 kriging 0 0 1 2 0.0159 0.9725 0.0155 0.0000 0.0000 0.0000 0.0000 0.0000 0.0000 0.0000 0.0000 0.0000 0.0000 0.0211 1.7284 nan
