instance technique highFiBudget lowFiBudget seed dimension CC RRMSE LCC_0.1 LCC_0.2 LCC_0.3 LCC_0.4 LCC_0.5 LCC_0.6 LCC_0.7 LCC_0.8 LCC_0.9 LCC_0.95 LCC_0.975 LCC_sd LCC_coeff performance
COCOfunction7-dim1-seed1-dists1-centres9-radius0.05-freq10-amp0.1 kriging 0 0 1 1 0.9999 0.0007 1.0000 1.0000 1.0000 1.0000 1.0000 1.0000 1.0000 1.0000 1.0000 1.0000 1.0000 0.0022 0.0022 nan
COCOfunction7-dim1-seed1-dists2-centres9-radius0.05-freq10-amp0.1 kriging 0 0 1 1 0.9958 0.0218 1.0000 1.0000 0.9140 0.8340 0.7560 0.7380 0.7150 0.6800 0.6270 0.5400 0.4150 0.2713 0.3430 nan
COCOfunction7-dim1-seed1-dists1-centres9-radius0.05-freq100-amp0.1 kriging 0 0 1 1 0.9999 0.0006 1.0000 1.0000 1.0000 1.0000 1.0000 1.0000 1.0000 1.0000 1.0000 1.0000 1.0000 0.0024 0.0024 nan
COCOfunction7-dim1-seed1-dists2-centres9-radius0.05-freq100-amp0.1 kriging 0 0 1 1 0.9942 0.0253 0.8560 0.8200 0.7930 0.7710 0.7520 0.7300 0.6960 0.6590 0.5630 0.4370 0.2240 0.3447 0.4746 nan
COCOfunction7-dim1-seed1-dists1-centres9-radius0.05-freq10-amp0.5 kriging 0 0 1 1 0.9998 0.0037 1.0000 1.0000 1.0000 1.0000 1.0000 1.0000 1.0000 0.9700 0.8920 0.8670 0.8480 0.0546 0.0558 nan
COCOfunction7-dim1-seed1-dists2-centres9-radius0.05-freq10-amp0.5 kriging 0 0 1 1 0.9130 0.1094 0.8120 0.7430 0.6280 0.5990 0.5420 0.4230 0.2790 0.1180 0.0000 0.0000 0.0000 0.2902 0.6328 nan
COCOfunction7-dim1-seed1-dists1-centres9-radius0.05-freq100-amp0.5 kriging 0 0 1 1 0.9999 0.0031 1.0000 1.0000 1.0000 1.0000 1.0000 1.0000 1.0000 0.9650 0.8960 0.8690 0.8510 0.0563 0.0575 nan
COCOfunction7-dim1-seed1-dists2-centres9-radius0.05-freq100-amp0.5 kriging 0 0 1 1 0.8729 0.1268 0.6690 0.6370 0.5890 0.4370 0.3490 0.2180 0.0000 0.0000 0.0000 0.0000 0.0000 0.2578 0.7734 nan
COCOfunction7-dim1-seed1-dists1-centres9-radius0.05-freq10-amp1 kriging 0 0 1 1 0.9995 0.0074 1.0000 1.0000 1.0000 0.9810 0.9450 0.9110 0.8850 0.8700 0.8500 0.8310 0.8130 0.1594 0.1709 nan
COCOfunction7-dim1-seed1-dists2-centres9-radius0.05-freq10-amp1 kriging 0 0 1 1 0.7428 0.2189 0.7620 0.6330 0.3770 0.2490 0.1640 0.0690 0.0000 0.0000 0.0000 0.0000 0.0000 0.1925 0.7255 nan
COCOfunction7-dim1-seed1-dists1-centres9-radius0.05-freq100-amp1 kriging 0 0 1 1 0.9996 0.0063 1.0000 1.0000 1.0000 0.9790 0.9510 0.9200 0.8890 0.8740 0.8530 0.8350 0.8170 0.1560 0.1668 nan
COCOfunction7-dim1-seed1-dists2-centres9-radius0.05-freq100-amp1 kriging 0 0 1 1 0.6308 0.2537 0.6210 0.3260 0.1580 0.0000 0.0000 0.0000 0.0000 0.0000 0.0000 0.0000 0.0000 0.1235 0.8706 nan
COCOfunction7-dim1-seed1-dists1-centres9-radius0.05-freq10-amp1.5 kriging 0 0 1 1 0.9989 0.0112 1.0000 0.9680 0.9290 0.8970 0.8830 0.8730 0.8620 0.8500 0.8290 0.8110 0.7980 0.2356 0.2637 nan
COCOfunction7-dim1-seed1-dists2-centres9-radius0.05-freq10-amp1.5 kriging 0 0 1 1 0.5844 0.3284 0.6320 0.3560 0.1950 0.1220 0.0290 0.0000 0.0000 0.0000 0.0000 0.0000 0.0000 0.1457 0.8170 nan
COCOfunction7-dim1-seed1-dists1-centres9-radius0.05-freq100-amp1.5 kriging 0 0 1 1 0.9991 0.0095 1.0000 0.9740 0.9420 0.9110 0.8880 0.8760 0.8650 0.8530 0.8320 0.8160 0.8020 0.2267 0.2520 nan
COCOfunction7-dim1-seed1-dists2-centres9-radius0.05-freq100-amp1.5 kriging 0 0 1 1 0.4303 0.3806 0.3390 0.0120 0.0000 0.0000 0.0000 0.0000 0.0000 0.0000 0.0000 0.0000 0.0000 0.0672 0.9138 nan
COCOfunction7-dim1-seed1-dists1-centres9-radius0.05-freq10-amp2 kriging 0 0 1 1 0.9981 0.0149 0.9590 0.9110 0.8870 0.8760 0.8670 0.8580 0.8480 0.8350 0.8140 0.8000 0.6120 0.2792 0.3225 nan
COCOfunction7-dim1-seed1-dists2-centres9-radius0.05-freq10-amp2 kriging 0 0 1 1 0.4632 0.4379 0.5430 0.2660 0.1300 0.0450 0.0000 0.0000 0.0000 0.0000 0.0000 0.0000 0.0000 0.1220 0.8979 nan
COCOfunction7-dim1-seed1-dists1-centres9-radius0.05-freq100-amp2 kriging 0 0 1 1 0.9985 0.0127 0.9730 0.9290 0.8950 0.8810 0.8700 0.8620 0.8510 0.8380 0.8190 0.8040 0.6710 0.2686 0.3074 nan
COCOfunction7-dim1-seed1-dists2-centres9-radius0.05-freq100-amp2 kriging 0 0 1 1 0.2970 0.5074 0.1430 0.0000 0.0000 0.0000 0.0000 0.0000 0.0000 0.0000 0.0000 0.0000 0.0000 0.0421 0.9426 nan
COCOfunction7-dim1-seed1-dists1-centres9-radius0.1-freq10-amp0.1 kriging 0 0 1 1 1.0000 0.0000 1.0000 1.0000 1.0000 1.0000 1.0000 1.0000 1.0000 1.0000 1.0000 1.0000 1.0000 0.0000 0.0000 nan
COCOfunction7-dim1-seed1-dists2-centres9-radius0.1-freq10-amp0.1 kriging 0 0 1 1 0.9917 0.0310 1.0000 0.9130 0.8220 0.7290 0.7110 0.6870 0.6660 0.6370 0.5700 0.4310 0.0230 0.3109 0.4265 nan
COCOfunction7-dim1-seed1-dists1-centres9-radius0.1-freq100-amp0.1 kriging 0 0 1 1 1.0000 0.0000 1.0000 1.0000 1.0000 1.0000 1.0000 1.0000 1.0000 1.0000 1.0000 1.0000 1.0000 0.0000 0.0000 nan
COCOfunction7-dim1-seed1-dists2-centres9-radius0.1-freq100-amp0.1 kriging 0 0 1 1 0.9895 0.0342 0.8310 0.7890 0.7610 0.7410 0.7180 0.6860 0.6550 0.6050 0.4770 0.2740 0.0000 0.3586 0.5311 nan
COCOfunction7-dim1-seed1-dists1-centres9-radius0.1-freq10-amp0.5 kriging 0 0 1 1 1.0000 0.0001 1.0000 1.0000 1.0000 1.0000 1.0000 1.0000 1.0000 1.0000 1.0000 1.0000 1.0000 0.0000 0.0000 nan
COCOfunction7-dim1-seed1-dists2-centres9-radius0.1-freq10-amp0.5 kriging 0 0 1 1 0.8397 0.1551 0.7860 0.6850 0.6060 0.5700 0.2630 0.1380 0.0290 0.0000 0.0000 0.0000 0.0000 0.2248 0.6446 nan
COCOfunction7-dim1-seed1-dists1-centres9-radius0.1-freq100-amp0.5 kriging 0 0 1 1 1.0000 0.0000 1.0000 1.0000 1.0000 1.0000 1.0000 1.0000 1.0000 1.0000 1.0000 1.0000 1.0000 0.0000 0.0000 nan
COCOfunction7-dim1-seed1-dists2-centres9-radius0.1-freq100-amp0.5 kriging 0 0 1 1 0.7901 0.1710 0.6520 0.5920 0.4120 0.3040 0.1510 0.0000 0.0000 0.0000 0.0000 0.0000 0.0000 0.1983 0.8064 nan
COCOfunction7-dim1-seed1-dists1-centres9-radius0.1-freq10-amp1 kriging 0 0 1 1 0.9999 0.0002 1.0000 1.0000 1.0000 1.0000 1.0000 1.0000 1.0000 1.0000 1.0000 1.0000 1.0000 0.0000 0.0000 nan
COCOfunction7-dim1-seed1-dists2-centres9-radius0.1-freq10-amp1 kriging 0 0 1 1 0.5921 0.3103 0.7510 0.4300 0.1590 0.0760 0.0000 0.0000 0.0000 0.0000 0.0000 0.0000 0.0000 0.1263 0.6956 nan
COCOfunction7-dim1-seed1-dists1-centres9-radius0.1-freq100-amp1 kriging 0 0 1 1 1.0000 0.0001 1.0000 1.0000 1.0000 1.0000 1.0000 1.0000 1.0000 1.0000 1.0000 1.0000 1.0000 0.0000 0.0000 nan
COCOfunction7-dim1-seed1-dists2-centres9-radius0.1-freq100-amp1 kriging 0 0 1 1 0.4822 0.3420 0.3650 0.1480 0.0000 0.0000 0.0000 0.0000 0.0000 0.0000 0.0000 0.0000 0.0000 0.0803 0.8808 nan
COCOfunction7-dim1-seed1-dists1-centres9-radius0.1-freq10-amp1.5 kriging 0 0 1 1 0.9999 0.0003 1.0000 1.0000 1.0000 1.0000 1.0000 1.0000 1.0000 1.0000 1.0000 1.0000 1.0000 0.0000 0.0000 nan
COCOfunction7-dim1-seed1-dists2-centres9-radius0.1-freq10-amp1.5 kriging 0 0 1 1 0.4156 0.4655 0.5200 0.1920 0.0670 0.0000 0.0000 0.0000 0.0000 0.0000 0.0000 0.0000 0.0000 0.0960 0.7724 nan
COCOfunction7-dim1-seed1-dists1-centres9-radius0.1-freq100-amp1.5 kriging 0 0 1 1 0.9999 0.0002 1.0000 1.0000 1.0000 1.0000 1.0000 1.0000 1.0000 1.0000 1.0000 1.0000 1.0000 0.0000 0.0000 nan
COCOfunction7-dim1-seed1-dists2-centres9-radius0.1-freq100-amp1.5 kriging 0 0 1 1 0.2906 0.5131 0.1530 0.0000 0.0000 0.0000 0.0000 0.0000 0.0000 0.0000 0.0000 0.0000 0.0000 0.0416 0.9075 nan
COCOfunction7-dim1-seed1-dists1-centres9-radius0.1-freq10-amp2 kriging 0 0 1 1 0.9999 0.0004 1.0000 1.0000 1.0000 1.0000 1.0000 1.0000 1.0000 1.0000 1.0000 1.0000 1.0000 0.0000 0.0000 nan
COCOfunction7-dim1-seed1-dists2-centres9-radius0.1-freq10-amp2 kriging 0 0 1 1 0.3050 0.6207 0.4450 0.1370 0.0280 0.0000 0.0000 0.0000 0.0000 0.0000 0.0000 0.0000 0.0000 0.0829 0.8377 nan
COCOfunction7-dim1-seed1-dists1-centres9-radius0.1-freq100-amp2 kriging 0 0 1 1 0.9999 0.0003 1.0000 1.0000 1.0000 1.0000 1.0000 1.0000 1.0000 1.0000 1.0000 1.0000 1.0000 0.0000 0.0000 nan
COCOfunction7-dim1-seed1-dists2-centres9-radius0.1-freq100-amp2 kriging 0 0 1 1 0.1857 0.6841 0.0000 0.0000 0.0000 0.0000 0.0000 0.0000 0.0000 0.0000 0.0000 0.0000 0.0000 0.0257 0.9240 nan
COCOfunction7-dim1-seed1-dists1-centres9-radius0.15-freq10-amp0.1 kriging 0 0 1 1 1.0000 0.0000 1.0000 1.0000 1.0000 1.0000 1.0000 1.0000 1.0000 1.0000 1.0000 1.0000 1.0000 0.0000 0.0000 nan
COCOfunction7-dim1-seed1-dists2-centres9-radius0.15-freq10-amp0.1 kriging 0 0 1 1 0.9892 0.0356 0.9650 0.8690 0.7720 0.7130 0.6890 0.6720 0.6510 0.6200 0.5470 0.2790 0.0000 0.3280 0.4694 nan
COCOfunction7-dim1-seed1-dists1-centres9-radius0.15-freq100-amp0.1 kriging 0 0 1 1 1.0000 0.0000 1.0000 1.0000 1.0000 1.0000 1.0000 1.0000 1.0000 1.0000 1.0000 1.0000 1.0000 0.0000 0.0000 nan
COCOfunction7-dim1-seed1-dists2-centres9-radius0.15-freq100-amp0.1 kriging 0 0 1 1 0.9867 0.0386 0.8190 0.7770 0.7500 0.7290 0.7020 0.6700 0.6390 0.5720 0.4230 0.1320 0.0000 0.3611 0.5532 nan
COCOfunction7-dim1-seed1-dists1-centres9-radius0.15-freq10-amp0.5 kriging 0 0 1 1 1.0000 0.0000 1.0000 1.0000 1.0000 1.0000 1.0000 1.0000 1.0000 1.0000 1.0000 1.0000 1.0000 0.0000 0.0000 nan
COCOfunction7-dim1-seed1-dists2-centres9-radius0.15-freq10-amp0.5 kriging 0 0 1 1 0.8001 0.1784 0.7490 0.6530 0.5980 0.3160 0.1690 0.0510 0.0000 0.0000 0.0000 0.0000 0.0000 0.1974 0.6565 nan
COCOfunction7-dim1-seed1-dists1-centres9-radius0.15-freq100-amp0.5 kriging 0 0 1 1 1.0000 0.0000 1.0000 1.0000 1.0000 1.0000 1.0000 1.0000 1.0000 1.0000 1.0000 1.0000 1.0000 0.0000 0.0000 nan
COCOfunction7-dim1-seed1-dists2-centres9-radius0.15-freq100-amp0.5 kriging 0 0 1 1 0.7472 0.1930 0.6450 0.5630 0.3460 0.2140 0.0000 0.0000 0.0000 0.0000 0.0000 0.0000 0.0000 0.1720 0.8133 nan
COCOfunction7-dim1-seed1-dists1-centres9-radius0.15-freq10-amp1 kriging 0 0 1 1 1.0000 0.0000 1.0000 1.0000 1.0000 1.0000 1.0000 1.0000 1.0000 1.0000 1.0000 1.0000 1.0000 0.0000 0.0000 nan
COCOfunction7-dim1-seed1-dists2-centres9-radius0.15-freq10-amp1 kriging 0 0 1 1 0.5263 0.3568 0.6870 0.2810 0.1160 0.0200 0.0000 0.0000 0.0000 0.0000 0.0000 0.0000 0.0000 0.1045 0.6971 nan
COCOfunction7-dim1-seed1-dists1-centres9-radius0.15-freq100-amp1 kriging 0 0 1 1 1.0000 0.0000 1.0000 1.0000 1.0000 1.0000 1.0000 1.0000 1.0000 1.0000 1.0000 1.0000 1.0000 0.0000 0.0000 nan
COCOfunction7-dim1-seed1-dists2-centres9-radius0.15-freq100-amp1 kriging 0 0 1 1 0.4225 0.3860 0.3290 0.0000 0.0000 0.0000 0.0000 0.0000 0.0000 0.0000 0.0000 0.0000 0.0000 0.0654 0.8747 nan
COCOfunction7-dim1-seed1-dists1-centres9-radius0.15-freq10-amp1.5 kriging 0 0 1 1 1.0000 0.0000 1.0000 1.0000 1.0000 1.0000 1.0000 1.0000 1.0000 1.0000 1.0000 1.0000 1.0000 0.0000 0.0000 nan
COCOfunction7-dim1-seed1-dists2-centres9-radius0.15-freq10-amp1.5 kriging 0 0 1 1 0.3529 0.5353 0.4070 0.1360 0.0220 0.0000 0.0000 0.0000 0.0000 0.0000 0.0000 0.0000 0.0000 0.0787 0.7673 nan
COCOfunction7-dim1-seed1-dists1-centres9-radius0.15-freq100-amp1.5 kriging 0 0 1 1 1.0000 0.0000 1.0000 1.0000 1.0000 1.0000 1.0000 1.0000 1.0000 1.0000 1.0000 1.0000 1.0000 0.0000 0.0000 nan
COCOfunction7-dim1-seed1-dists2-centres9-radius0.15-freq100-amp1.5 kriging 0 0 1 1 0.2436 0.5790 0.0150 0.0000 0.0000 0.0000 0.0000 0.0000 0.0000 0.0000 0.0000 0.0000 0.0000 0.0335 0.8914 nan
COCOfunction7-dim1-seed1-dists1-centres9-radius0.15-freq10-amp2 kriging 0 0 1 1 1.0000 0.0000 1.0000 1.0000 1.0000 1.0000 1.0000 1.0000 1.0000 1.0000 1.0000 1.0000 1.0000 0.0000 0.0000 nan
COCOfunction7-dim1-seed1-dists2-centres9-radius0.15-freq10-amp2 kriging 0 0 1 1 0.2522 0.7137 0.3460 0.0790 0.0000 0.0000 0.0000 0.0000 0.0000 0.0000 0.0000 0.0000 0.0000 0.0682 0.8284 nan
COCOfunction7-dim1-seed1-dists1-centres9-radius0.15-freq100-amp2 kriging 0 0 1 1 1.0000 0.0000 1.0000 1.0000 1.0000 1.0000 1.0000 1.0000 1.0000 1.0000 1.0000 1.0000 1.0000 0.0000 0.0000 nan
COCOfunction7-dim1-seed1-dists2-centres9-radius0.15-freq100-amp2 kriging 0 0 1 1 0.1521 0.7721 0.0000 0.0000 0.0000 0.0000 0.0000 0.0000 0.0000 0.0000 0.0000 0.0000 0.0000 0.0207 0.8987 nan
COCOfunction7-dim1-seed1-dists1-centres9-radius0.2-freq10-amp0.1 kriging 0 0 1 1 1.0000 0.0000 1.0000 1.0000 1.0000 1.0000 1.0000 1.0000 1.0000 1.0000 1.0000 1.0000 1.0000 0.0000 0.0000 nan
COCOfunction7-dim1-seed1-dists2-centres9-radius0.2-freq10-amp0.1 kriging 0 0 1 1 0.9876 0.0383 0.9470 0.8390 0.7480 0.7030 0.6820 0.6650 0.6430 0.6130 0.5210 0.1460 0.0000 0.3347 0.4896 nan
COCOfunction7-dim1-seed1-dists1-centres9-radius0.2-freq100-amp0.1 kriging 0 0 1 1 1.0000 0.0000 1.0000 1.0000 1.0000 1.0000 1.0000 1.0000 1.0000 1.0000 1.0000 1.0000 1.0000 0.0000 0.0000 nan
COCOfunction7-dim1-seed1-dists2-centres9-radius0.2-freq100-amp0.1 kriging 0 0 1 1 0.9850 0.0410 0.8130 0.7720 0.7460 0.7240 0.6930 0.6630 0.6310 0.5590 0.3890 0.0000 0.0000 0.3610 0.5631 nan
COCOfunction7-dim1-seed1-dists1-centres9-radius0.2-freq10-amp0.5 kriging 0 0 1 1 1.0000 0.0000 1.0000 1.0000 1.0000 1.0000 1.0000 1.0000 1.0000 1.0000 1.0000 1.0000 1.0000 0.0000 0.0000 nan
COCOfunction7-dim1-seed1-dists2-centres9-radius0.2-freq10-amp0.5 kriging 0 0 1 1 0.7772 0.1916 0.7310 0.6370 0.5600 0.2350 0.1310 0.0000 0.0000 0.0000 0.0000 0.0000 0.0000 0.1834 0.6617 nan
COCOfunction7-dim1-seed1-dists1-centres9-radius0.2-freq100-amp0.5 kriging 0 0 1 1 1.0000 0.0000 1.0000 1.0000 1.0000 1.0000 1.0000 1.0000 1.0000 1.0000 1.0000 1.0000 1.0000 0.0000 0.0000 nan
COCOfunction7-dim1-seed1-dists2-centres9-radius0.2-freq100-amp0.5 kriging 0 0 1 1 0.7231 0.2053 0.6410 0.4730 0.3180 0.1440 0.0000 0.0000 0.0000 0.0000 0.0000 0.0000 0.0000 0.1588 0.8159 nan
COCOfunction7-dim1-seed1-dists1-centres9-radius0.2-freq10-amp1 kriging 0 0 1 1 1.0000 0.0000 1.0000 1.0000 1.0000 1.0000 1.0000 1.0000 1.0000 1.0000 1.0000 1.0000 1.0000 0.0000 0.0000 nan
COCOfunction7-dim1-seed1-dists2-centres9-radius0.2-freq10-amp1 kriging 0 0 1 1 0.4922 0.3833 0.5790 0.2280 0.0940 0.0000 0.0000 0.0000 0.0000 0.0000 0.0000 0.0000 0.0000 0.0953 0.7027 nan
COCOfunction7-dim1-seed1-dists1-centres9-radius0.2-freq100-amp1 kriging 0 0 1 1 1.0000 0.0000 1.0000 1.0000 1.0000 1.0000 1.0000 1.0000 1.0000 1.0000 1.0000 1.0000 1.0000 0.0000 0.0000 nan
COCOfunction7-dim1-seed1-dists2-centres9-radius0.2-freq100-amp1 kriging 0 0 1 1 0.3927 0.4107 0.3030 0.0000 0.0000 0.0000 0.0000 0.0000 0.0000 0.0000 0.0000 0.0000 0.0000 0.0588 0.8712 nan
COCOfunction7-dim1-seed1-dists1-centres9-radius0.2-freq10-amp1.5 kriging 0 0 1 1 1.0000 0.0000 1.0000 1.0000 1.0000 1.0000 1.0000 1.0000 1.0000 1.0000 1.0000 1.0000 1.0000 0.0000 0.0000 nan
COCOfunction7-dim1-seed1-dists2-centres9-radius0.2-freq10-amp1.5 kriging 0 0 1 1 0.3226 0.5749 0.3660 0.1050 0.0000 0.0000 0.0000 0.0000 0.0000 0.0000 0.0000 0.0000 0.0000 0.0721 0.7737 nan
COCOfunction7-dim1-seed1-dists1-centres9-radius0.2-freq100-amp1.5 kriging 0 0 1 1 1.0000 0.0000 1.0000 1.0000 1.0000 1.0000 1.0000 1.0000 1.0000 1.0000 1.0000 1.0000 1.0000 0.0000 0.0000 nan
COCOfunction7-dim1-seed1-dists2-centres9-radius0.2-freq100-amp1.5 kriging 0 0 1 1 0.2216 0.6160 0.0000 0.0000 0.0000 0.0000 0.0000 0.0000 0.0000 0.0000 0.0000 0.0000 0.0000 0.0299 0.8828 nan
COCOfunction7-dim1-seed1-dists1-centres9-radius0.2-freq10-amp2 kriging 0 0 1 1 1.0000 0.0000 1.0000 1.0000 1.0000 1.0000 1.0000 1.0000 1.0000 1.0000 1.0000 1.0000 1.0000 0.0000 0.0000 nan
COCOfunction7-dim1-seed1-dists2-centres9-radius0.2-freq10-amp2 kriging 0 0 1 1 0.2276 0.7666 0.3100 0.0440 0.0000 0.0000 0.0000 0.0000 0.0000 0.0000 0.0000 0.0000 0.0000 0.0628 0.8338 nan
COCOfunction7-dim1-seed1-dists1-centres9-radius0.2-freq100-amp2 kriging 0 0 1 1 1.0000 0.0000 1.0000 1.0000 1.0000 1.0000 1.0000 1.0000 1.0000 1.0000 1.0000 1.0000 1.0000 0.0000 0.0000 nan
COCOfunction7-dim1-seed1-dists2-centres9-radius0.2-freq100-amp2 kriging 0 0 1 1 0.1369 0.8214 0.0000 0.0000 0.0000 0.0000 0.0000 0.0000 0.0000 0.0000 0.0000 0.0000 0.0000 0.0185 0.8850 nan
COCOfunction7-dim1-seed1-dists1-centres9-radius0.25-freq10-amp0.1 kriging 0 0 1 1 1.0000 0.0000 1.0000 1.0000 1.0000 1.0000 1.0000 1.0000 1.0000 1.0000 1.0000 1.0000 1.0000 0.0000 0.0000 nan
COCOfunction7-dim1-seed1-dists2-centres9-radius0.25-freq10-amp0.1 kriging 0 0 1 1 0.9865 0.0399 0.9380 0.8230 0.7320 0.6960 0.6790 0.6610 0.6390 0.6090 0.4840 0.0000 0.0000 0.3381 0.5012 nan
COCOfunction7-dim1-seed1-dists1-centres9-radius0.25-freq100-amp0.1 kriging 0 0 1 1 1.0000 0.0000 1.0000 1.0000 1.0000 1.0000 1.0000 1.0000 1.0000 1.0000 1.0000 1.0000 1.0000 0.0000 0.0000 nan
COCOfunction7-dim1-seed1-dists2-centres9-radius0.25-freq100-amp0.1 kriging 0 0 1 1 0.9839 0.0426 0.8090 0.7680 0.7430 0.7190 0.6880 0.6590 0.6250 0.5510 0.3630 0.0000 0.0000 0.3605 0.5688 nan
COCOfunction7-dim1-seed1-dists1-centres9-radius0.25-freq10-amp0.5 kriging 0 0 1 1 1.0000 0.0000 1.0000 1.0000 1.0000 1.0000 1.0000 1.0000 1.0000 1.0000 1.0000 1.0000 1.0000 0.0000 0.0000 nan
COCOfunction7-dim1-seed1-dists2-centres9-radius0.25-freq10-amp0.5 kriging 0 0 1 1 0.7628 0.1999 0.7230 0.6260 0.5270 0.2110 0.1070 0.0000 0.0000 0.0000 0.0000 0.0000 0.0000 0.1754 0.6654 nan
COCOfunction7-dim1-seed1-dists1-centres9-radius0.25-freq100-amp0.5 kriging 0 0 1 1 1.0000 0.0000 1.0000 1.0000 1.0000 1.0000 1.0000 1.0000 1.0000 1.0000 1.0000 1.0000 1.0000 0.0000 0.0000 nan
COCOfunction7-dim1-seed1-dists2-centres9-radius0.25-freq100-amp0.5 kriging 0 0 1 1 0.7081 0.2130 0.6390 0.4300 0.2990 0.1070 0.0000 0.0000 0.0000 0.0000 0.0000 0.0000 0.0000 0.1512 0.8174 nan
COCOfunction7-dim1-seed1-dists1-centres9-radius0.25-freq10-amp1 kriging 0 0 1 1 1.0000 0.0000 1.0000 1.0000 1.0000 1.0000 1.0000 1.0000 1.0000 1.0000 1.0000 1.0000 1.0000 0.0000 0.0000 nan
COCOfunction7-dim1-seed1-dists2-centres9-radius0.25-freq10-amp1 kriging 0 0 1 1 0.4719 0.3999 0.5400 0.2040 0.0730 0.0000 0.0000 0.0000 0.0000 0.0000 0.0000 0.0000 0.0000 0.0907 0.7087 nan
COCOfunction7-dim1-seed1-dists1-centres9-radius0.25-freq100-amp1 kriging 0 0 1 1 1.0000 0.0000 1.0000 1.0000 1.0000 1.0000 1.0000 1.0000 1.0000 1.0000 1.0000 1.0000 1.0000 0.0000 0.0000 nan
COCOfunction7-dim1-seed1-dists2-centres9-radius0.25-freq100-amp1 kriging 0 0 1 1 0.3753 0.4261 0.2880 0.0000 0.0000 0.0000 0.0000 0.0000 0.0000 0.0000 0.0000 0.0000 0.0000 0.0551 0.8690 nan
COCOfunction7-dim1-seed1-dists1-centres9-radius0.25-freq10-amp1.5 kriging 0 0 1 1 1.0000 0.0000 1.0000 1.0000 1.0000 1.0000 1.0000 1.0000 1.0000 1.0000 1.0000 1.0000 1.0000 0.0000 0.0000 nan
COCOfunction7-dim1-seed1-dists2-centres9-radius0.25-freq10-amp1.5 kriging 0 0 1 1 0.3052 0.5999 0.3480 0.0960 0.0000 0.0000 0.0000 0.0000 0.0000 0.0000 0.0000 0.0000 0.0000 0.0688 0.7802 nan
COCOfunction7-dim1-seed1-dists1-centres9-radius0.25-freq100-amp1.5 kriging 0 0 1 1 1.0000 0.0000 1.0000 1.0000 1.0000 1.0000 1.0000 1.0000 1.0000 1.0000 1.0000 1.0000 1.0000 0.0000 0.0000 nan
COCOfunction7-dim1-seed1-dists2-centres9-radius0.25-freq100-amp1.5 kriging 0 0 1 1 0.2091 0.6392 0.0000 0.0000 0.0000 0.0000 0.0000 0.0000 0.0000 0.0000 0.0000 0.0000 0.0000 0.0280 0.8773 nan
COCOfunction7-dim1-seed1-dists1-centres9-radius0.25-freq10-amp2 kriging 0 0 1 1 1.0000 0.0000 1.0000 1.0000 1.0000 1.0000 1.0000 1.0000 1.0000 1.0000 1.0000 1.0000 1.0000 0.0000 0.0000 nan
COCOfunction7-dim1-seed1-dists2-centres9-radius0.25-freq10-amp2 kriging 0 0 1 1 0.2138 0.7999 0.2930 0.0290 0.0000 0.0000 0.0000 0.0000 0.0000 0.0000 0.0000 0.0000 0.0000 0.0601 0.8390 nan
COCOfunction7-dim1-seed1-dists1-centres9-radius0.25-freq100-amp2 kriging 0 0 1 1 1.0000 0.0000 1.0000 1.0000 1.0000 1.0000 1.0000 1.0000 1.0000 1.0000 1.0000 1.0000 1.0000 0.0000 0.0000 nan
COCOfunction7-dim1-seed1-dists2-centres9-radius0.25-freq100-amp2 kriging 0 0 1 1 0.1284 0.8523 0.0000 0.0000 0.0000 0.0000 0.0000 0.0000 0.0000 0.0000 0.0000 0.0000 0.0000 0.0173 0.8764 nan
