instance technique highFiBudget lowFiBudget seed dimension CC RRMSE LCC_0.1 LCC_0.2 LCC_0.3 LCC_0.4 LCC_0.5 LCC_0.6 LCC_0.7 LCC_0.8 LCC_0.9 LCC_0.95 LCC_0.975 LCC_sd LCC_coeff performance
COCOfunction17-dim5-seed1-disth1-height1-radius0.05-freq10-amp0.1 kriging 0 0 1 5 1.0000 0.0000 1.0000 1.0000 1.0000 1.0000 1.0000 1.0000 1.0000 1.0000 1.0000 1.0000 1.0000 0.0000 0.0000 nan
COCOfunction17-dim5-seed1-disth2-height1-radius0.05-freq10-amp0.1 kriging 0 0 1 5 0.4857 0.0770 0.4840 0.2910 0.2026 0.1534 0.1154 0.0804 0.0454 0.0138 0.0026 0.0006 0.0000 0.2134 1.1974 nan
COCOfunction17-dim5-seed1-disth1-height1-radius0.05-freq100-amp0.1 kriging 0 0 1 5 1.0000 0.0000 1.0000 1.0000 1.0000 1.0000 1.0000 1.0000 1.0000 1.0000 1.0000 1.0000 1.0000 0.0000 0.0000 nan
COCOfunction17-dim5-seed1-disth2-height1-radius0.05-freq100-amp0.1 kriging 0 0 1 5 0.4155 0.0826 0.3300 0.2242 0.1670 0.1276 0.0882 0.0528 0.0210 0.0048 0.0010 0.0000 0.0000 0.1953 1.4521 nan
COCOfunction17-dim5-seed1-disth1-height1-radius0.05-freq10-amp0.5 kriging 0 0 1 5 1.0000 0.0000 1.0000 1.0000 1.0000 1.0000 1.0000 1.0000 1.0000 1.0000 1.0000 1.0000 1.0000 0.0000 0.0000 nan
COCOfunction17-dim5-seed1-disth2-height1-radius0.05-freq10-amp0.5 kriging 0 0 1 5 0.0384 0.3853 0.0794 0.0158 0.0032 0.0012 0.0008 0.0004 0.0000 0.0000 0.0000 0.0000 0.0000 0.0493 1.5484 nan
COCOfunction17-dim5-seed1-disth1-height1-radius0.05-freq100-amp0.5 kriging 0 0 1 5 1.0000 0.0000 1.0000 1.0000 1.0000 1.0000 1.0000 1.0000 1.0000 1.0000 1.0000 1.0000 1.0000 0.0000 0.0000 nan
COCOfunction17-dim5-seed1-disth2-height1-radius0.05-freq100-amp0.5 kriging 0 0 1 5 0.0301 0.4134 0.0388 0.0056 0.0016 0.0008 0.0002 0.0000 0.0000 0.0000 0.0000 0.0000 0.0000 0.0359 1.8578 nan
COCOfunction17-dim5-seed1-disth1-height1-radius0.05-freq10-amp1 kriging 0 0 1 5 1.0000 0.0000 1.0000 1.0000 1.0000 1.0000 1.0000 1.0000 1.0000 1.0000 1.0000 1.0000 1.0000 0.0000 0.0000 nan
COCOfunction17-dim5-seed1-disth2-height1-radius0.05-freq10-amp1 kriging 0 0 1 5 0.0106 0.7706 0.0430 0.0090 0.0018 0.0004 0.0000 0.0000 0.0000 0.0000 0.0000 0.0000 0.0000 0.0380 1.7903 nan
COCOfunction17-dim5-seed1-disth1-height1-radius0.05-freq100-amp1 kriging 0 0 1 5 1.0000 0.0000 1.0000 1.0000 1.0000 1.0000 1.0000 1.0000 1.0000 1.0000 1.0000 1.0000 1.0000 0.0000 0.0000 nan
COCOfunction17-dim5-seed1-disth2-height1-radius0.05-freq100-amp1 kriging 0 0 1 5 0.0085 0.8269 0.0088 0.0008 0.0002 0.0000 0.0000 0.0000 0.0000 0.0000 0.0000 0.0000 0.0000 0.0201 1.7612 nan
COCOfunction17-dim5-seed1-disth1-height1-radius0.05-freq10-amp1.5 kriging 0 0 1 5 1.0000 0.0000 1.0000 1.0000 1.0000 1.0000 1.0000 1.0000 1.0000 1.0000 1.0000 1.0000 1.0000 0.0000 0.0000 nan
COCOfunction17-dim5-seed1-disth2-height1-radius0.05-freq10-amp1.5 kriging 0 0 1 5 0.0050 1.1559 0.0414 0.0086 0.0012 0.0002 0.0000 0.0000 0.0000 0.0000 0.0000 0.0000 0.0000 0.0362 1.9000 nan
COCOfunction17-dim5-seed1-disth1-height1-radius0.05-freq100-amp1.5 kriging 0 0 1 5 1.0000 0.0000 1.0000 1.0000 1.0000 1.0000 1.0000 1.0000 1.0000 1.0000 1.0000 1.0000 1.0000 0.0000 0.0000 nan
COCOfunction17-dim5-seed1-disth2-height1-radius0.05-freq100-amp1.5 kriging 0 0 1 5 0.0042 1.2404 0.0046 0.0004 0.0000 0.0000 0.0000 0.0000 0.0000 0.0000 0.0000 0.0000 0.0000 0.0166 1.7098 nan
COCOfunction17-dim5-seed1-disth1-height1-radius0.05-freq10-amp2 kriging 0 0 1 5 1.0000 0.0000 1.0000 1.0000 1.0000 1.0000 1.0000 1.0000 1.0000 1.0000 1.0000 1.0000 1.0000 0.0000 0.0000 nan
COCOfunction17-dim5-seed1-disth2-height1-radius0.05-freq10-amp2 kriging 0 0 1 5 0.0030 1.5413 0.0404 0.0084 0.0010 0.0002 0.0000 0.0000 0.0000 0.0000 0.0000 0.0000 0.0000 0.0356 1.9469 nan
COCOfunction17-dim5-seed1-disth1-height1-radius0.05-freq100-amp2 kriging 0 0 1 5 1.0000 0.0000 1.0000 1.0000 1.0000 1.0000 1.0000 1.0000 1.0000 1.0000 1.0000 1.0000 1.0000 0.0000 0.0000 nan
COCOfunction17-dim5-seed1-disth2-height1-radius0.05-freq100-amp2 kriging 0 0 1 5 0.0026 1.6539 0.0034 0.0004 0.0000 0.0000 0.0000 0.0000 0.0000 0.0000 0.0000 0.0000 0.0000 0.0153 1.6864 nan
COCOfunction17-dim5-seed1-disth1-height1-radius0.1-freq10-amp0.1 kriging 0 0 1 5 1.0000 0.0000 1.0000 1.0000 1.0000 1.0000 1.0000 1.0000 1.0000 1.0000 1.0000 1.0000 1.0000 0.0000 0.0000 nan
COCOfunction17-dim5-seed1-disth2-height1-radius0.1-freq10-amp0.1 kriging 0 0 1 5 0.4870 0.0769 0.4848 0.2914 0.2030 0.1546 0.1168 0.0812 0.0458 0.0146 0.0028 0.0008 0.0000 0.2143 1.1978 nan
COCOfunction17-dim5-seed1-disth1-height1-radius0.1-freq100-amp0.1 kriging 0 0 1 5 1.0000 0.0000 1.0000 1.0000 1.0000 1.0000 1.0000 1.0000 1.0000 1.0000 1.0000 1.0000 1.0000 0.0000 0.0000 nan
COCOfunction17-dim5-seed1-disth2-height1-radius0.1-freq100-amp0.1 kriging 0 0 1 5 0.4159 0.0825 0.3300 0.2242 0.1680 0.1280 0.0888 0.0534 0.0220 0.0052 0.0010 0.0000 0.0000 0.1959 1.4530 nan
COCOfunction17-dim5-seed1-disth1-height1-radius0.1-freq10-amp0.5 kriging 0 0 1 5 1.0000 0.0000 1.0000 1.0000 1.0000 1.0000 1.0000 1.0000 1.0000 1.0000 1.0000 1.0000 1.0000 0.0000 0.0000 nan
COCOfunction17-dim5-seed1-disth2-height1-radius0.1-freq10-amp0.5 kriging 0 0 1 5 0.0390 0.3848 0.0808 0.0158 0.0034 0.0012 0.0008 0.0004 0.0000 0.0000 0.0000 0.0000 0.0000 0.0498 1.5493 nan
COCOfunction17-dim5-seed1-disth1-height1-radius0.1-freq100-amp0.5 kriging 0 0 1 5 1.0000 0.0000 1.0000 1.0000 1.0000 1.0000 1.0000 1.0000 1.0000 1.0000 1.0000 1.0000 1.0000 0.0000 0.0000 nan
COCOfunction17-dim5-seed1-disth2-height1-radius0.1-freq100-amp0.5 kriging 0 0 1 5 0.0300 0.4128 0.0388 0.0058 0.0016 0.0008 0.0002 0.0000 0.0000 0.0000 0.0000 0.0000 0.0000 0.0359 1.8601 nan
COCOfunction17-dim5-seed1-disth1-height1-radius0.1-freq10-amp1 kriging 0 0 1 5 1.0000 0.0000 1.0000 1.0000 1.0000 1.0000 1.0000 1.0000 1.0000 1.0000 1.0000 1.0000 1.0000 0.0000 0.0000 nan
COCOfunction17-dim5-seed1-disth2-height1-radius0.1-freq10-amp1 kriging 0 0 1 5 0.0108 0.7696 0.0436 0.0092 0.0018 0.0004 0.0000 0.0000 0.0000 0.0000 0.0000 0.0000 0.0000 0.0381 1.7855 nan
COCOfunction17-dim5-seed1-disth1-height1-radius0.1-freq100-amp1 kriging 0 0 1 5 1.0000 0.0000 1.0000 1.0000 1.0000 1.0000 1.0000 1.0000 1.0000 1.0000 1.0000 1.0000 1.0000 0.0000 0.0000 nan
COCOfunction17-dim5-seed1-disth2-height1-radius0.1-freq100-amp1 kriging 0 0 1 5 0.0085 0.8257 0.0082 0.0008 0.0002 0.0000 0.0000 0.0000 0.0000 0.0000 0.0000 0.0000 0.0000 0.0201 1.7603 nan
COCOfunction17-dim5-seed1-disth1-height1-radius0.1-freq10-amp1.5 kriging 0 0 1 5 1.0000 0.0000 1.0000 1.0000 1.0000 1.0000 1.0000 1.0000 1.0000 1.0000 1.0000 1.0000 1.0000 0.0000 0.0000 nan
COCOfunction17-dim5-seed1-disth2-height1-radius0.1-freq10-amp1.5 kriging 0 0 1 5 0.0052 1.1544 0.0412 0.0086 0.0014 0.0002 0.0000 0.0000 0.0000 0.0000 0.0000 0.0000 0.0000 0.0363 1.8957 nan
COCOfunction17-dim5-seed1-disth1-height1-radius0.1-freq100-amp1.5 kriging 0 0 1 5 1.0000 0.0000 1.0000 1.0000 1.0000 1.0000 1.0000 1.0000 1.0000 1.0000 1.0000 1.0000 1.0000 0.0000 0.0000 nan
COCOfunction17-dim5-seed1-disth2-height1-radius0.1-freq100-amp1.5 kriging 0 0 1 5 0.0041 1.2386 0.0044 0.0004 0.0000 0.0000 0.0000 0.0000 0.0000 0.0000 0.0000 0.0000 0.0000 0.0165 1.7080 nan
COCOfunction17-dim5-seed1-disth1-height1-radius0.1-freq10-amp2 kriging 0 0 1 5 1.0000 0.0000 1.0000 1.0000 1.0000 1.0000 1.0000 1.0000 1.0000 1.0000 1.0000 1.0000 1.0000 0.0000 0.0000 nan
COCOfunction17-dim5-seed1-disth2-height1-radius0.1-freq10-amp2 kriging 0 0 1 5 0.0031 1.5392 0.0406 0.0084 0.0010 0.0002 0.0000 0.0000 0.0000 0.0000 0.0000 0.0000 0.0000 0.0356 1.9437 nan
COCOfunction17-dim5-seed1-disth1-height1-radius0.1-freq100-amp2 kriging 0 0 1 5 1.0000 0.0000 1.0000 1.0000 1.0000 1.0000 1.0000 1.0000 1.0000 1.0000 1.0000 1.0000 1.0000 0.0000 0.0000 nan
COCOfunction17-dim5-seed1-disth2-height1-radius0.1-freq100-amp2 kriging 0 0 1 5 0.0025 1.6515 0.0034 0.0004 0.0000 0.0000 0.0000 0.0000 0.0000 0.0000 0.0000 0.0000 0.0000 0.0152 1.6845 nan
COCOfunction17-dim5-seed1-disth1-height1-radius0.15-freq10-amp0.1 kriging 0 0 1 5 1.0000 0.0000 1.0000 1.0000 1.0000 1.0000 1.0000 1.0000 1.0000 1.0000 1.0000 1.0000 1.0000 0.0000 0.0000 nan
COCOfunction17-dim5-seed1-disth2-height1-radius0.15-freq10-amp0.1 kriging 0 0 1 5 0.4885 0.0768 0.4856 0.2924 0.2030 0.1556 0.1182 0.0822 0.0464 0.0150 0.0032 0.0008 0.0000 0.2152 1.1983 nan
COCOfunction17-dim5-seed1-disth1-height1-radius0.15-freq100-amp0.1 kriging 0 0 1 5 1.0000 0.0000 1.0000 1.0000 1.0000 1.0000 1.0000 1.0000 1.0000 1.0000 1.0000 1.0000 1.0000 0.0000 0.0000 nan
COCOfunction17-dim5-seed1-disth2-height1-radius0.15-freq100-amp0.1 kriging 0 0 1 5 0.4163 0.0824 0.3302 0.2246 0.1684 0.1282 0.0892 0.0536 0.0230 0.0052 0.0010 0.0000 0.0000 0.1966 1.4540 nan
COCOfunction17-dim5-seed1-disth1-height1-radius0.15-freq10-amp0.5 kriging 0 0 1 5 1.0000 0.0000 1.0000 1.0000 1.0000 1.0000 1.0000 1.0000 1.0000 1.0000 1.0000 1.0000 1.0000 0.0000 0.0000 nan
COCOfunction17-dim5-seed1-disth2-height1-radius0.15-freq10-amp0.5 kriging 0 0 1 5 0.0396 0.3842 0.0822 0.0160 0.0036 0.0012 0.0008 0.0004 0.0000 0.0000 0.0000 0.0000 0.0000 0.0503 1.5507 nan
COCOfunction17-dim5-seed1-disth1-height1-radius0.15-freq100-amp0.5 kriging 0 0 1 5 1.0000 0.0000 1.0000 1.0000 1.0000 1.0000 1.0000 1.0000 1.0000 1.0000 1.0000 1.0000 1.0000 0.0000 0.0000 nan
COCOfunction17-dim5-seed1-disth2-height1-radius0.15-freq100-amp0.5 kriging 0 0 1 5 0.0299 0.4122 0.0386 0.0060 0.0016 0.0008 0.0002 0.0000 0.0000 0.0000 0.0000 0.0000 0.0000 0.0360 1.8627 nan
COCOfunction17-dim5-seed1-disth1-height1-radius0.15-freq10-amp1 kriging 0 0 1 5 1.0000 0.0000 1.0000 1.0000 1.0000 1.0000 1.0000 1.0000 1.0000 1.0000 1.0000 1.0000 1.0000 0.0000 0.0000 nan
COCOfunction17-dim5-seed1-disth2-height1-radius0.15-freq10-amp1 kriging 0 0 1 5 0.0112 0.7684 0.0442 0.0092 0.0018 0.0002 0.0000 0.0000 0.0000 0.0000 0.0000 0.0000 0.0000 0.0382 1.7802 nan
COCOfunction17-dim5-seed1-disth1-height1-radius0.15-freq100-amp1 kriging 0 0 1 5 1.0000 0.0000 1.0000 1.0000 1.0000 1.0000 1.0000 1.0000 1.0000 1.0000 1.0000 1.0000 1.0000 0.0000 0.0000 nan
COCOfunction17-dim5-seed1-disth2-height1-radius0.15-freq100-amp1 kriging 0 0 1 5 0.0084 0.8244 0.0080 0.0008 0.0002 0.0000 0.0000 0.0000 0.0000 0.0000 0.0000 0.0000 0.0000 0.0200 1.7593 nan
COCOfunction17-dim5-seed1-disth1-height1-radius0.15-freq10-amp1.5 kriging 0 0 1 5 1.0000 0.0000 1.0000 1.0000 1.0000 1.0000 1.0000 1.0000 1.0000 1.0000 1.0000 1.0000 1.0000 0.0000 0.0000 nan
COCOfunction17-dim5-seed1-disth2-height1-radius0.15-freq10-amp1.5 kriging 0 0 1 5 0.0054 1.1526 0.0414 0.0086 0.0014 0.0002 0.0000 0.0000 0.0000 0.0000 0.0000 0.0000 0.0000 0.0363 1.8907 nan
COCOfunction17-dim5-seed1-disth1-height1-radius0.15-freq100-amp1.5 kriging 0 0 1 5 1.0000 0.0000 1.0000 1.0000 1.0000 1.0000 1.0000 1.0000 1.0000 1.0000 1.0000 1.0000 1.0000 0.0000 0.0000 nan
COCOfunction17-dim5-seed1-disth2-height1-radius0.15-freq100-amp1.5 kriging 0 0 1 5 0.0041 1.2367 0.0044 0.0004 0.0000 0.0000 0.0000 0.0000 0.0000 0.0000 0.0000 0.0000 0.0000 0.0165 1.7059 nan
COCOfunction17-dim5-seed1-disth1-height1-radius0.15-freq10-amp2 kriging 0 0 1 5 1.0000 0.0000 1.0000 1.0000 1.0000 1.0000 1.0000 1.0000 1.0000 1.0000 1.0000 1.0000 1.0000 0.0000 0.0000 nan
COCOfunction17-dim5-seed1-disth2-height1-radius0.15-freq10-amp2 kriging 0 0 1 5 0.0033 1.5368 0.0406 0.0084 0.0010 0.0002 0.0000 0.0000 0.0000 0.0000 0.0000 0.0000 0.0000 0.0357 1.9399 nan
COCOfunction17-dim5-seed1-disth1-height1-radius0.15-freq100-amp2 kriging 0 0 1 5 1.0000 0.0000 1.0000 1.0000 1.0000 1.0000 1.0000 1.0000 1.0000 1.0000 1.0000 1.0000 1.0000 0.0000 0.0000 nan
COCOfunction17-dim5-seed1-disth2-height1-radius0.15-freq100-amp2 kriging 0 0 1 5 0.0025 1.6489 0.0034 0.0004 0.0000 0.0000 0.0000 0.0000 0.0000 0.0000 0.0000 0.0000 0.0000 0.0151 1.6824 nan
COCOfunction17-dim5-seed1-disth1-height1-radius0.2-freq10-amp0.1 kriging 0 0 1 5 1.0000 0.0000 1.0000 1.0000 1.0000 1.0000 1.0000 1.0000 1.0000 1.0000 1.0000 1.0000 1.0000 0.0000 0.0000 nan
COCOfunction17-dim5-seed1-disth2-height1-radius0.2-freq10-amp0.1 kriging 0 0 1 5 0.4901 0.0767 0.4860 0.2928 0.2036 0.1564 0.1186 0.0832 0.0482 0.0154 0.0036 0.0008 0.0000 0.2163 1.1988 nan
COCOfunction17-dim5-seed1-disth1-height1-radius0.2-freq100-amp0.1 kriging 0 0 1 5 1.0000 0.0000 1.0000 1.0000 1.0000 1.0000 1.0000 1.0000 1.0000 1.0000 1.0000 1.0000 1.0000 0.0000 0.0000 nan
COCOfunction17-dim5-seed1-disth2-height1-radius0.2-freq100-amp0.1 kriging 0 0 1 5 0.4167 0.0823 0.3308 0.2250 0.1688 0.1284 0.0896 0.0544 0.0236 0.0056 0.0010 0.0000 0.0000 0.1974 1.4552 nan
COCOfunction17-dim5-seed1-disth1-height1-radius0.2-freq10-amp0.5 kriging 0 0 1 5 1.0000 0.0000 1.0000 1.0000 1.0000 1.0000 1.0000 1.0000 1.0000 1.0000 1.0000 1.0000 1.0000 0.0000 0.0000 nan
COCOfunction17-dim5-seed1-disth2-height1-radius0.2-freq10-amp0.5 kriging 0 0 1 5 0.0404 0.3835 0.0842 0.0160 0.0040 0.0012 0.0008 0.0006 0.0000 0.0000 0.0000 0.0000 0.0000 0.0510 1.5526 nan
COCOfunction17-dim5-seed1-disth1-height1-radius0.2-freq100-amp0.5 kriging 0 0 1 5 1.0000 0.0000 1.0000 1.0000 1.0000 1.0000 1.0000 1.0000 1.0000 1.0000 1.0000 1.0000 1.0000 0.0000 0.0000 nan
COCOfunction17-dim5-seed1-disth2-height1-radius0.2-freq100-amp0.5 kriging 0 0 1 5 0.0298 0.4115 0.0386 0.0060 0.0016 0.0008 0.0002 0.0000 0.0000 0.0000 0.0000 0.0000 0.0000 0.0361 1.8658 nan
COCOfunction17-dim5-seed1-disth1-height1-radius0.2-freq10-amp1 kriging 0 0 1 5 1.0000 0.0000 1.0000 1.0000 1.0000 1.0000 1.0000 1.0000 1.0000 1.0000 1.0000 1.0000 1.0000 0.0000 0.0000 nan
COCOfunction17-dim5-seed1-disth2-height1-radius0.2-freq10-amp1 kriging 0 0 1 5 0.0115 0.7671 0.0442 0.0094 0.0018 0.0004 0.0000 0.0000 0.0000 0.0000 0.0000 0.0000 0.0000 0.0384 1.7744 nan
COCOfunction17-dim5-seed1-disth1-height1-radius0.2-freq100-amp1 kriging 0 0 1 5 1.0000 0.0000 1.0000 1.0000 1.0000 1.0000 1.0000 1.0000 1.0000 1.0000 1.0000 1.0000 1.0000 0.0000 0.0000 nan
COCOfunction17-dim5-seed1-disth2-height1-radius0.2-freq100-amp1 kriging 0 0 1 5 0.0083 0.8230 0.0076 0.0008 0.0002 0.0000 0.0000 0.0000 0.0000 0.0000 0.0000 0.0000 0.0000 0.0199 1.7581 nan
COCOfunction17-dim5-seed1-disth1-height1-radius0.2-freq10-amp1.5 kriging 0 0 1 5 1.0000 0.0000 1.0000 1.0000 1.0000 1.0000 1.0000 1.0000 1.0000 1.0000 1.0000 1.0000 1.0000 0.0000 0.0000 nan
COCOfunction17-dim5-seed1-disth2-height1-radius0.2-freq10-amp1.5 kriging 0 0 1 5 0.0057 1.1507 0.0414 0.0086 0.0014 0.0002 0.0000 0.0000 0.0000 0.0000 0.0000 0.0000 0.0000 0.0364 1.8850 nan
COCOfunction17-dim5-seed1-disth1-height1-radius0.2-freq100-amp1.5 kriging 0 0 1 5 1.0000 0.0000 1.0000 1.0000 1.0000 1.0000 1.0000 1.0000 1.0000 1.0000 1.0000 1.0000 1.0000 0.0000 0.0000 nan
COCOfunction17-dim5-seed1-disth2-height1-radius0.2-freq100-amp1.5 kriging 0 0 1 5 0.0040 1.2345 0.0044 0.0004 0.0000 0.0000 0.0000 0.0000 0.0000 0.0000 0.0000 0.0000 0.0000 0.0164 1.7034 nan
COCOfunction17-dim5-seed1-disth1-height1-radius0.2-freq10-amp2 kriging 0 0 1 5 1.0000 0.0000 1.0000 1.0000 1.0000 1.0000 1.0000 1.0000 1.0000 1.0000 1.0000 1.0000 1.0000 0.0000 0.0000 nan
COCOfunction17-dim5-seed1-disth2-height1-radius0.2-freq10-amp2 kriging 0 0 1 5 0.0035 1.5342 0.0408 0.0084 0.0010 0.0002 0.0000 0.0000 0.0000 0.0000 0.0000 0.0000 0.0000 0.0357 1.9354 nan
COCOfunction17-dim5-seed1-disth1-height1-radius0.2-freq100-amp2 kriging 0 0 1 5 1.0000 0.0000 1.0000 1.0000 1.0000 1.0000 1.0000 1.0000 1.0000 1.0000 1.0000 1.0000 1.0000 0.0000 0.0000 nan
COCOfunction17-dim5-seed1-disth2-height1-radius0.2-freq100-amp2 kriging 0 0 1 5 0.0024 1.6460 0.0034 0.0004 0.0000 0.0000 0.0000 0.0000 0.0000 0.0000 0.0000 0.0000 0.0000 0.0150 1.6799 nan
COCOfunction17-dim5-seed1-disth1-height1-radius0.25-freq10-amp0.1 kriging 0 0 1 5 1.0000 0.0000 1.0000 1.0000 1.0000 1.0000 1.0000 1.0000 1.0000 1.0000 1.0000 1.0000 1.0000 0.0000 0.0000 nan
COCOfunction17-dim5-seed1-disth2-height1-radius0.25-freq10-amp0.1 kriging 0 0 1 5 0.4920 0.0765 0.4870 0.2944 0.2046 0.1572 0.1196 0.0844 0.0504 0.0166 0.0036 0.0008 0.0000 0.2175 1.1993 nan
COCOfunction17-dim5-seed1-disth1-height1-radius0.25-freq100-amp0.1 kriging 0 0 1 5 1.0000 0.0000 1.0000 1.0000 1.0000 1.0000 1.0000 1.0000 1.0000 1.0000 1.0000 1.0000 1.0000 0.0000 0.0000 nan
COCOfunction17-dim5-seed1-disth2-height1-radius0.25-freq100-amp0.1 kriging 0 0 1 5 0.4172 0.0821 0.3312 0.2252 0.1688 0.1288 0.0906 0.0564 0.0254 0.0058 0.0010 0.0000 0.0000 0.1983 1.4565 nan
COCOfunction17-dim5-seed1-disth1-height1-radius0.25-freq10-amp0.5 kriging 0 0 1 5 1.0000 0.0000 1.0000 1.0000 1.0000 1.0000 1.0000 1.0000 1.0000 1.0000 1.0000 1.0000 1.0000 0.0000 0.0000 nan
COCOfunction17-dim5-seed1-disth2-height1-radius0.25-freq10-amp0.5 kriging 0 0 1 5 0.0412 0.3828 0.0864 0.0164 0.0044 0.0014 0.0008 0.0008 0.0000 0.0000 0.0000 0.0000 0.0000 0.0518 1.5553 nan
COCOfunction17-dim5-seed1-disth1-height1-radius0.25-freq100-amp0.5 kriging 0 0 1 5 1.0000 0.0000 1.0000 1.0000 1.0000 1.0000 1.0000 1.0000 1.0000 1.0000 1.0000 1.0000 1.0000 0.0000 0.0000 nan
COCOfunction17-dim5-seed1-disth2-height1-radius0.25-freq100-amp0.5 kriging 0 0 1 5 0.0296 0.4106 0.0390 0.0058 0.0016 0.0008 0.0002 0.0000 0.0000 0.0000 0.0000 0.0000 0.0000 0.0362 1.8694 nan
COCOfunction17-dim5-seed1-disth1-height1-radius0.25-freq10-amp1 kriging 0 0 1 5 1.0000 0.0000 1.0000 1.0000 1.0000 1.0000 1.0000 1.0000 1.0000 1.0000 1.0000 1.0000 1.0000 0.0000 0.0000 nan
COCOfunction17-dim5-seed1-disth2-height1-radius0.25-freq10-amp1 kriging 0 0 1 5 0.0120 0.7656 0.0446 0.0094 0.0018 0.0006 0.0000 0.0000 0.0000 0.0000 0.0000 0.0000 0.0000 0.0387 1.7681 nan
COCOfunction17-dim5-seed1-disth1-height1-radius0.25-freq100-amp1 kriging 0 0 1 5 1.0000 0.0000 1.0000 1.0000 1.0000 1.0000 1.0000 1.0000 1.0000 1.0000 1.0000 1.0000 1.0000 0.0000 0.0000 nan
COCOfunction17-dim5-seed1-disth2-height1-radius0.25-freq100-amp1 kriging 0 0 1 5 0.0081 0.8213 0.0074 0.0008 0.0002 0.0000 0.0000 0.0000 0.0000 0.0000 0.0000 0.0000 0.0000 0.0198 1.7567 nan
COCOfunction17-dim5-seed1-disth1-height1-radius0.25-freq10-amp1.5 kriging 0 0 1 5 1.0000 0.0000 1.0000 1.0000 1.0000 1.0000 1.0000 1.0000 1.0000 1.0000 1.0000 1.0000 1.0000 0.0000 0.0000 nan
COCOfunction17-dim5-seed1-disth2-height1-radius0.25-freq10-amp1.5 kriging 0 0 1 5 0.0060 1.1485 0.0414 0.0086 0.0016 0.0002 0.0000 0.0000 0.0000 0.0000 0.0000 0.0000 0.0000 0.0365 1.8783 nan
COCOfunction17-dim5-seed1-disth1-height1-radius0.25-freq100-amp1.5 kriging 0 0 1 5 1.0000 0.0000 1.0000 1.0000 1.0000 1.0000 1.0000 1.0000 1.0000 1.0000 1.0000 1.0000 1.0000 0.0000 0.0000 nan
COCOfunction17-dim5-seed1-disth2-height1-radius0.25-freq100-amp1.5 kriging 0 0 1 5 0.0039 1.2320 0.0044 0.0004 0.0000 0.0000 0.0000 0.0000 0.0000 0.0000 0.0000 0.0000 0.0000 0.0162 1.7005 nan
COCOfunction17-dim5-seed1-disth1-height1-radius0.25-freq10-amp2 kriging 0 0 1 5 1.0000 0.0000 1.0000 1.0000 1.0000 1.0000 1.0000 1.0000 1.0000 1.0000 1.0000 1.0000 1.0000 0.0000 0.0000 nan
COCOfunction17-dim5-seed1-disth2-height1-radius0.25-freq10-amp2 kriging 0 0 1 5 0.0038 1.5313 0.0408 0.0084 0.0012 0.0002 0.0000 0.0000 0.0000 0.0000 0.0000 0.0000 0.0000 0.0358 1.9299 nan
COCOfunction17-dim5-seed1-disth1-height1-radius0.25-freq100-amp2 kriging 0 0 1 5 1.0000 0.0000 1.0000 1.0000 1.0000 1.0000 1.0000 1.0000 1.0000 1.0000 1.0000 1.0000 1.0000 0.0000 0.0000 nan
COCOfunction17-dim5-seed1-disth2-height1-radius0.25-freq100-amp2 kriging 0 0 1 5 0.0023 1.6427 0.0032 0.0004 0.0000 0.0000 0.0000 0.0000 0.0000 0.0000 0.0000 0.0000 0.0000 0.0149 1.6769 nan
