instance technique highFiBudget lowFiBudget seed dimension CC RRMSE LCC_0.1 LCC_0.2 LCC_0.3 LCC_0.4 LCC_0.5 LCC_0.6 LCC_0.7 LCC_0.8 LCC_0.9 LCC_0.95 LCC_0.975 LCC_sd LCC_coeff performance
COCOfunction12-dim1-seed1-disth1-height0.25-radius0.2-freq10-amp0.1 kriging 0 0 1 1 1.0000 0.0000 0.6610 0.6610 0.6610 0.6610 0.6610 0.6610 0.6610 0.6610 0.6610 0.6610 0.6610 0.4736 0.7165 nan
COCOfunction12-dim1-seed1-disth2-height0.25-radius0.2-freq10-amp0.1 kriging 0 0 1 1 0.0084 23.555 0.0000 0.0000 0.0000 0.0000 0.0000 0.0000 0.0000 0.0000 0.0000 0.0000 0.0000 0.0270 1.5122 nan
COCOfunction12-dim1-seed1-disth1-height0.25-radius0.2-freq100-amp0.1 kriging 0 0 1 1 1.0000 0.0000 0.6610 0.6610 0.6610 0.6610 0.6610 0.6610 0.6610 0.6610 0.6610 0.6610 0.6610 0.4736 0.7165 nan
COCOfunction12-dim1-seed1-disth2-height0.25-radius0.2-freq100-amp0.1 kriging 0 0 1 1 0.0000 24.607 0.0000 0.0000 0.0000 0.0000 0.0000 0.0000 0.0000 0.0000 0.0000 0.0000 0.0000 0.0077 1.7498 nan
COCOfunction12-dim1-seed1-disth1-height0.25-radius0.2-freq10-amp0.5 kriging 0 0 1 1 1.0000 0.0000 0.6610 0.6610 0.6610 0.6610 0.6610 0.6610 0.6610 0.6610 0.6610 0.6610 0.6610 0.4736 0.7165 nan
COCOfunction12-dim1-seed1-disth2-height0.25-radius0.2-freq10-amp0.5 kriging 0 0 1 1 0.0066 117.77 0.0000 0.0000 0.0000 0.0000 0.0000 0.0000 0.0000 0.0000 0.0000 0.0000 0.0000 0.0264 1.5021 nan
COCOfunction12-dim1-seed1-disth1-height0.25-radius0.2-freq100-amp0.5 kriging 0 0 1 1 1.0000 0.0000 0.6610 0.6610 0.6610 0.6610 0.6610 0.6610 0.6610 0.6610 0.6610 0.6610 0.6610 0.4736 0.7165 nan
COCOfunction12-dim1-seed1-disth2-height0.25-radius0.2-freq100-amp0.5 kriging 0 0 1 1 0.0000 123.03 0.0000 0.0000 0.0000 0.0000 0.0000 0.0000 0.0000 0.0000 0.0000 0.0000 0.0000 0.0077 1.7340 nan
COCOfunction12-dim1-seed1-disth1-height0.25-radius0.2-freq10-amp1 kriging 0 0 1 1 1.0000 0.0000 0.6610 0.6610 0.6610 0.6610 0.6610 0.6610 0.6610 0.6610 0.6610 0.6610 0.6610 0.4736 0.7165 nan
COCOfunction12-dim1-seed1-disth2-height0.25-radius0.2-freq10-amp1 kriging 0 0 1 1 0.0064 235.55 0.0000 0.0000 0.0000 0.0000 0.0000 0.0000 0.0000 0.0000 0.0000 0.0000 0.0000 0.0264 1.5008 nan
COCOfunction12-dim1-seed1-disth1-height0.25-radius0.2-freq100-amp1 kriging 0 0 1 1 1.0000 0.0000 0.6610 0.6610 0.6610 0.6610 0.6610 0.6610 0.6610 0.6610 0.6610 0.6610 0.6610 0.4736 0.7165 nan
COCOfunction12-dim1-seed1-disth2-height0.25-radius0.2-freq100-amp1 kriging 0 0 1 1 0.0001 246.07 0.0000 0.0000 0.0000 0.0000 0.0000 0.0000 0.0000 0.0000 0.0000 0.0000 0.0000 0.0077 1.7318 nan
COCOfunction12-dim1-seed1-disth1-height0.25-radius0.2-freq10-amp1.5 kriging 0 0 1 1 1.0000 0.0000 0.6610 0.6610 0.6610 0.6610 0.6610 0.6610 0.6610 0.6610 0.6610 0.6610 0.6610 0.4736 0.7165 nan
COCOfunction12-dim1-seed1-disth2-height0.25-radius0.2-freq10-amp1.5 kriging 0 0 1 1 0.0064 353.33 0.0000 0.0000 0.0000 0.0000 0.0000 0.0000 0.0000 0.0000 0.0000 0.0000 0.0000 0.0263 1.5004 nan
COCOfunction12-dim1-seed1-disth1-height0.25-radius0.2-freq100-amp1.5 kriging 0 0 1 1 1.0000 0.0000 0.6610 0.6610 0.6610 0.6610 0.6610 0.6610 0.6610 0.6610 0.6610 0.6610 0.6610 0.4736 0.7165 nan
COCOfunction12-dim1-seed1-disth2-height0.25-radius0.2-freq100-amp1.5 kriging 0 0 1 1 0.0001 369.11 0.0000 0.0000 0.0000 0.0000 0.0000 0.0000 0.0000 0.0000 0.0000 0.0000 0.0000 0.0077 1.7311 nan
COCOfunction12-dim1-seed1-disth1-height0.25-radius0.2-freq10-amp2 kriging 0 0 1 1 1.0000 0.0000 0.6610 0.6610 0.6610 0.6610 0.6610 0.6610 0.6610 0.6610 0.6610 0.6610 0.6610 0.4736 0.7165 nan
COCOfunction12-dim1-seed1-disth2-height0.25-radius0.2-freq10-amp2 kriging 0 0 1 1 0.0063 471.11 0.0000 0.0000 0.0000 0.0000 0.0000 0.0000 0.0000 0.0000 0.0000 0.0000 0.0000 0.0263 1.5002 nan
COCOfunction12-dim1-seed1-disth1-height0.25-radius0.2-freq100-amp2 kriging 0 0 1 1 1.0000 0.0000 0.6610 0.6610 0.6610 0.6610 0.6610 0.6610 0.6610 0.6610 0.6610 0.6610 0.6610 0.4736 0.7165 nan
COCOfunction12-dim1-seed1-disth2-height0.25-radius0.2-freq100-amp2 kriging 0 0 1 1 0.0001 492.15 0.0000 0.0000 0.0000 0.0000 0.0000 0.0000 0.0000 0.0000 0.0000 0.0000 0.0000 0.0077 1.7307 nan
COCOfunction12-dim1-seed1-disth1-height0.25-radius0.25-freq10-amp0.1 kriging 0 0 1 1 1.0000 0.0000 0.6610 0.6610 0.6610 0.6610 0.6610 0.6610 0.6610 0.6610 0.6610 0.6610 0.6610 0.4736 0.7165 nan
COCOfunction12-dim1-seed1-disth2-height0.25-radius0.25-freq10-amp0.1 kriging 0 0 1 1 0.0085 22.837 0.0000 0.0000 0.0000 0.0000 0.0000 0.0000 0.0000 0.0000 0.0000 0.0000 0.0000 0.0270 1.5125 nan
COCOfunction12-dim1-seed1-disth1-height0.25-radius0.25-freq100-amp0.1 kriging 0 0 1 1 1.0000 0.0000 0.6610 0.6610 0.6610 0.6610 0.6610 0.6610 0.6610 0.6610 0.6610 0.6610 0.6610 0.4736 0.7165 nan
COCOfunction12-dim1-seed1-disth2-height0.25-radius0.25-freq100-amp0.1 kriging 0 0 1 1 0.0000 23.857 0.0000 0.0000 0.0000 0.0000 0.0000 0.0000 0.0000 0.0000 0.0000 0.0000 0.0000 0.0077 1.7504 nan
COCOfunction12-dim1-seed1-disth1-height0.25-radius0.25-freq10-amp0.5 kriging 0 0 1 1 1.0000 0.0000 0.6610 0.6610 0.6610 0.6610 0.6610 0.6610 0.6610 0.6610 0.6610 0.6610 0.6610 0.4736 0.7165 nan
COCOfunction12-dim1-seed1-disth2-height0.25-radius0.25-freq10-amp0.5 kriging 0 0 1 1 0.0067 114.18 0.0000 0.0000 0.0000 0.0000 0.0000 0.0000 0.0000 0.0000 0.0000 0.0000 0.0000 0.0264 1.5022 nan
COCOfunction12-dim1-seed1-disth1-height0.25-radius0.25-freq100-amp0.5 kriging 0 0 1 1 1.0000 0.0000 0.6610 0.6610 0.6610 0.6610 0.6610 0.6610 0.6610 0.6610 0.6610 0.6610 0.6610 0.4736 0.7165 nan
COCOfunction12-dim1-seed1-disth2-height0.25-radius0.25-freq100-amp0.5 kriging 0 0 1 1 0.0000 119.28 0.0000 0.0000 0.0000 0.0000 0.0000 0.0000 0.0000 0.0000 0.0000 0.0000 0.0000 0.0077 1.7342 nan
COCOfunction12-dim1-seed1-disth1-height0.25-radius0.25-freq10-amp1 kriging 0 0 1 1 1.0000 0.0000 0.6610 0.6610 0.6610 0.6610 0.6610 0.6610 0.6610 0.6610 0.6610 0.6610 0.6610 0.4736 0.7165 nan
COCOfunction12-dim1-seed1-disth2-height0.25-radius0.25-freq10-amp1 kriging 0 0 1 1 0.0064 228.37 0.0000 0.0000 0.0000 0.0000 0.0000 0.0000 0.0000 0.0000 0.0000 0.0000 0.0000 0.0264 1.5009 nan
COCOfunction12-dim1-seed1-disth1-height0.25-radius0.25-freq100-amp1 kriging 0 0 1 1 1.0000 0.0000 0.6610 0.6610 0.6610 0.6610 0.6610 0.6610 0.6610 0.6610 0.6610 0.6610 0.6610 0.4736 0.7165 nan
COCOfunction12-dim1-seed1-disth2-height0.25-radius0.25-freq100-amp1 kriging 0 0 1 1 0.0001 238.57 0.0000 0.0000 0.0000 0.0000 0.0000 0.0000 0.0000 0.0000 0.0000 0.0000 0.0000 0.0077 1.7319 nan
COCOfunction12-dim1-seed1-disth1-height0.25-radius0.25-freq10-amp1.5 kriging 0 0 1 1 1.0000 0.0000 0.6610 0.6610 0.6610 0.6610 0.6610 0.6610 0.6610 0.6610 0.6610 0.6610 0.6610 0.4736 0.7165 nan
COCOfunction12-dim1-seed1-disth2-height0.25-radius0.25-freq10-amp1.5 kriging 0 0 1 1 0.0064 342.56 0.0000 0.0000 0.0000 0.0000 0.0000 0.0000 0.0000 0.0000 0.0000 0.0000 0.0000 0.0263 1.5004 nan
COCOfunction12-dim1-seed1-disth1-height0.25-radius0.25-freq100-amp1.5 kriging 0 0 1 1 1.0000 0.0000 0.6610 0.6610 0.6610 0.6610 0.6610 0.6610 0.6610 0.6610 0.6610 0.6610 0.6610 0.4736 0.7165 nan
COCOfunction12-dim1-seed1-disth2-height0.25-radius0.25-freq100-amp1.5 kriging 0 0 1 1 0.0001 357.86 0.0000 0.0000 0.0000 0.0000 0.0000 0.0000 0.0000 0.0000 0.0000 0.0000 0.0000 0.0077 1.7311 nan
COCOfunction12-dim1-seed1-disth1-height0.25-radius0.25-freq10-amp2 kriging 0 0 1 1 1.0000 0.0000 0.6610 0.6610 0.6610 0.6610 0.6610 0.6610 0.6610 0.6610 0.6610 0.6610 0.6610 0.4736 0.7165 nan
COCOfunction12-dim1-seed1-disth2-height0.25-radius0.25-freq10-amp2 kriging 0 0 1 1 0.0063 456.74 0.0000 0.0000 0.0000 0.0000 0.0000 0.0000 0.0000 0.0000 0.0000 0.0000 0.0000 0.0263 1.5002 nan
COCOfunction12-dim1-seed1-disth1-height0.25-radius0.25-freq100-amp2 kriging 0 0 1 1 1.0000 0.0000 0.6610 0.6610 0.6610 0.6610 0.6610 0.6610 0.6610 0.6610 0.6610 0.6610 0.6610 0.4736 0.7165 nan
COCOfunction12-dim1-seed1-disth2-height0.25-radius0.25-freq100-amp2 kriging 0 0 1 1 0.0001 477.15 0.0000 0.0000 0.0000 0.0000 0.0000 0.0000 0.0000 0.0000 0.0000 0.0000 0.0000 0.0077 1.7308 nan
COCOfunction12-dim1-seed1-disth1-height0.5-radius0.025-freq10-amp0.1 kriging 0 0 1 1 1.0000 0.0000 0.6610 0.6610 0.6610 0.6610 0.6610 0.6610 0.6610 0.6610 0.6610 0.6610 0.6610 0.4736 0.7165 nan
COCOfunction12-dim1-seed1-disth2-height0.5-radius0.025-freq10-amp0.1 kriging 0 0 1 1 0.0094 16.687 0.0000 0.0000 0.0000 0.0000 0.0000 0.0000 0.0000 0.0000 0.0000 0.0000 0.0000 0.0273 1.5171 nan
COCOfunction12-dim1-seed1-disth1-height0.5-radius0.025-freq100-amp0.1 kriging 0 0 1 1 1.0000 0.0000 0.6610 0.6610 0.6610 0.6610 0.6610 0.6610 0.6610 0.6610 0.6610 0.6610 0.6610 0.4736 0.7165 nan
COCOfunction12-dim1-seed1-disth2-height0.5-radius0.025-freq100-amp0.1 kriging 0 0 1 1 0.0000 17.432 0.0000 0.0000 0.0000 0.0000 0.0000 0.0000 0.0000 0.0000 0.0000 0.0000 0.0000 0.0077 1.7566 nan
COCOfunction12-dim1-seed1-disth1-height0.5-radius0.025-freq10-amp0.5 kriging 0 0 1 1 1.0000 0.0000 0.6610 0.6610 0.6610 0.6610 0.6610 0.6610 0.6610 0.6610 0.6610 0.6610 0.6610 0.4736 0.7165 nan
COCOfunction12-dim1-seed1-disth2-height0.5-radius0.025-freq10-amp0.5 kriging 0 0 1 1 0.0068 83.435 0.0000 0.0000 0.0000 0.0000 0.0000 0.0000 0.0000 0.0000 0.0000 0.0000 0.0000 0.0265 1.5032 nan
COCOfunction12-dim1-seed1-disth1-height0.5-radius0.025-freq100-amp0.5 kriging 0 0 1 1 1.0000 0.0000 0.6610 0.6610 0.6610 0.6610 0.6610 0.6610 0.6610 0.6610 0.6610 0.6610 0.6610 0.4736 0.7165 nan
COCOfunction12-dim1-seed1-disth2-height0.5-radius0.025-freq100-amp0.5 kriging 0 0 1 1 0.0000 87.163 0.0000 0.0000 0.0000 0.0000 0.0000 0.0000 0.0000 0.0000 0.0000 0.0000 0.0000 0.0077 1.7359 nan
COCOfunction12-dim1-seed1-disth1-height0.5-radius0.025-freq10-amp1 kriging 0 0 1 1 1.0000 0.0000 0.6610 0.6610 0.6610 0.6610 0.6610 0.6610 0.6610 0.6610 0.6610 0.6610 0.6610 0.4736 0.7165 nan
COCOfunction12-dim1-seed1-disth2-height0.5-radius0.025-freq10-amp1 kriging 0 0 1 1 0.0065 166.87 0.0000 0.0000 0.0000 0.0000 0.0000 0.0000 0.0000 0.0000 0.0000 0.0000 0.0000 0.0264 1.5014 nan
COCOfunction12-dim1-seed1-disth1-height0.5-radius0.025-freq100-amp1 kriging 0 0 1 1 1.0000 0.0000 0.6610 0.6610 0.6610 0.6610 0.6610 0.6610 0.6610 0.6610 0.6610 0.6610 0.6610 0.4736 0.7165 nan
COCOfunction12-dim1-seed1-disth2-height0.5-radius0.025-freq100-amp1 kriging 0 0 1 1 0.0000 174.32 0.0000 0.0000 0.0000 0.0000 0.0000 0.0000 0.0000 0.0000 0.0000 0.0000 0.0000 0.0077 1.7328 nan
COCOfunction12-dim1-seed1-disth1-height0.5-radius0.025-freq10-amp1.5 kriging 0 0 1 1 1.0000 0.0000 0.6610 0.6610 0.6610 0.6610 0.6610 0.6610 0.6610 0.6610 0.6610 0.6610 0.6610 0.4736 0.7165 nan
COCOfunction12-dim1-seed1-disth2-height0.5-radius0.025-freq10-amp1.5 kriging 0 0 1 1 0.0064 250.30 0.0000 0.0000 0.0000 0.0000 0.0000 0.0000 0.0000 0.0000 0.0000 0.0000 0.0000 0.0264 1.5007 nan
COCOfunction12-dim1-seed1-disth1-height0.5-radius0.025-freq100-amp1.5 kriging 0 0 1 1 1.0000 0.0000 0.6610 0.6610 0.6610 0.6610 0.6610 0.6610 0.6610 0.6610 0.6610 0.6610 0.6610 0.4736 0.7165 nan
COCOfunction12-dim1-seed1-disth2-height0.5-radius0.025-freq100-amp1.5 kriging 0 0 1 1 0.0001 261.49 0.0000 0.0000 0.0000 0.0000 0.0000 0.0000 0.0000 0.0000 0.0000 0.0000 0.0000 0.0077 1.7317 nan
COCOfunction12-dim1-seed1-disth1-height0.5-radius0.025-freq10-amp2 kriging 0 0 1 1 1.0000 0.0000 0.6610 0.6610 0.6610 0.6610 0.6610 0.6610 0.6610 0.6610 0.6610 0.6610 0.6610 0.4736 0.7165 nan
COCOfunction12-dim1-seed1-disth2-height0.5-radius0.025-freq10-amp2 kriging 0 0 1 1 0.0064 333.74 0.0000 0.0000 0.0000 0.0000 0.0000 0.0000 0.0000 0.0000 0.0000 0.0000 0.0000 0.0263 1.5004 nan
COCOfunction12-dim1-seed1-disth1-height0.5-radius0.025-freq100-amp2 kriging 0 0 1 1 1.0000 0.0000 0.6610 0.6610 0.6610 0.6610 0.6610 0.6610 0.6610 0.6610 0.6610 0.6610 0.6610 0.4736 0.7165 nan
COCOfunction12-dim1-seed1-disth2-height0.5-radius0.025-freq100-amp2 kriging 0 0 1 1 0.0001 348.65 0.0000 0.0000 0.0000 0.0000 0.0000 0.0000 0.0000 0.0000 0.0000 0.0000 0.0000 0.0077 1.7312 nan
COCOfunction12-dim1-seed1-disth1-height0.5-radius0.05-freq10-amp0.1 kriging 0 0 1 1 1.0000 0.0000 0.6610 0.6610 0.6610 0.6610 0.6610 0.6610 0.6610 0.6610 0.6610 0.6610 0.6610 0.4736 0.7165 nan
COCOfunction12-dim1-seed1-disth2-height0.5-radius0.05-freq10-amp0.1 kriging 0 0 1 1 0.0095 16.222 0.0000 0.0000 0.0000 0.0000 0.0000 0.0000 0.0000 0.0000 0.0000 0.0000 0.0000 0.0273 1.5175 nan
COCOfunction12-dim1-seed1-disth1-height0.5-radius0.05-freq100-amp0.1 kriging 0 0 1 1 1.0000 0.0000 0.6610 0.6610 0.6610 0.6610 0.6610 0.6610 0.6610 0.6610 0.6610 0.6610 0.6610 0.4736 0.7165 nan
COCOfunction12-dim1-seed1-disth2-height0.5-radius0.05-freq100-amp0.1 kriging 0 0 1 1 0.0000 16.947 0.0000 0.0000 0.0000 0.0000 0.0000 0.0000 0.0000 0.0000 0.0000 0.0000 0.0000 0.0077 1.7572 nan
COCOfunction12-dim1-seed1-disth1-height0.5-radius0.05-freq10-amp0.5 kriging 0 0 1 1 1.0000 0.0000 0.6610 0.6610 0.6610 0.6610 0.6610 0.6610 0.6610 0.6610 0.6610 0.6610 0.6610 0.4736 0.7165 nan
COCOfunction12-dim1-seed1-disth2-height0.5-radius0.05-freq10-amp0.5 kriging 0 0 1 1 0.0068 81.114 0.0000 0.0000 0.0000 0.0000 0.0000 0.0000 0.0000 0.0000 0.0000 0.0000 0.0000 0.0265 1.5033 nan
COCOfunction12-dim1-seed1-disth1-height0.5-radius0.05-freq100-amp0.5 kriging 0 0 1 1 1.0000 0.0000 0.6610 0.6610 0.6610 0.6610 0.6610 0.6610 0.6610 0.6610 0.6610 0.6610 0.6610 0.4736 0.7165 nan
COCOfunction12-dim1-seed1-disth2-height0.5-radius0.05-freq100-amp0.5 kriging 0 0 1 1 0.0000 84.739 0.0000 0.0000 0.0000 0.0000 0.0000 0.0000 0.0000 0.0000 0.0000 0.0000 0.0000 0.0077 1.7360 nan
COCOfunction12-dim1-seed1-disth1-height0.5-radius0.05-freq10-amp1 kriging 0 0 1 1 1.0000 0.0000 0.6610 0.6610 0.6610 0.6610 0.6610 0.6610 0.6610 0.6610 0.6610 0.6610 0.6610 0.4736 0.7165 nan
COCOfunction12-dim1-seed1-disth2-height0.5-radius0.05-freq10-amp1 kriging 0 0 1 1 0.0065 162.22 0.0000 0.0000 0.0000 0.0000 0.0000 0.0000 0.0000 0.0000 0.0000 0.0000 0.0000 0.0264 1.5014 nan
COCOfunction12-dim1-seed1-disth1-height0.5-radius0.05-freq100-amp1 kriging 0 0 1 1 1.0000 0.0000 0.6610 0.6610 0.6610 0.6610 0.6610 0.6610 0.6610 0.6610 0.6610 0.6610 0.6610 0.4736 0.7165 nan
COCOfunction12-dim1-seed1-disth2-height0.5-radius0.05-freq100-amp1 kriging 0 0 1 1 0.0000 169.47 0.0000 0.0000 0.0000 0.0000 0.0000 0.0000 0.0000 0.0000 0.0000 0.0000 0.0000 0.0077 1.7329 nan
COCOfunction12-dim1-seed1-disth1-height0.5-radius0.05-freq10-amp1.5 kriging 0 0 1 1 1.0000 0.0000 0.6610 0.6610 0.6610 0.6610 0.6610 0.6610 0.6610 0.6610 0.6610 0.6610 0.6610 0.4736 0.7165 nan
COCOfunction12-dim1-seed1-disth2-height0.5-radius0.05-freq10-amp1.5 kriging 0 0 1 1 0.0064 243.34 0.0000 0.0000 0.0000 0.0000 0.0000 0.0000 0.0000 0.0000 0.0000 0.0000 0.0000 0.0264 1.5008 nan
COCOfunction12-dim1-seed1-disth1-height0.5-radius0.05-freq100-amp1.5 kriging 0 0 1 1 1.0000 0.0000 0.6610 0.6610 0.6610 0.6610 0.6610 0.6610 0.6610 0.6610 0.6610 0.6610 0.6610 0.4736 0.7165 nan
COCOfunction12-dim1-seed1-disth2-height0.5-radius0.05-freq100-amp1.5 kriging 0 0 1 1 0.0001 254.21 0.0000 0.0000 0.0000 0.0000 0.0000 0.0000 0.0000 0.0000 0.0000 0.0000 0.0000 0.0077 1.7318 nan
COCOfunction12-dim1-seed1-disth1-height0.5-radius0.05-freq10-amp2 kriging 0 0 1 1 1.0000 0.0000 0.6610 0.6610 0.6610 0.6610 0.6610 0.6610 0.6610 0.6610 0.6610 0.6610 0.6610 0.4736 0.7165 nan
COCOfunction12-dim1-seed1-disth2-height0.5-radius0.05-freq10-amp2 kriging 0 0 1 1 0.0064 324.45 0.0000 0.0000 0.0000 0.0000 0.0000 0.0000 0.0000 0.0000 0.0000 0.0000 0.0000 0.0264 1.5005 nan
COCOfunction12-dim1-seed1-disth1-height0.5-radius0.05-freq100-amp2 kriging 0 0 1 1 1.0000 0.0000 0.6610 0.6610 0.6610 0.6610 0.6610 0.6610 0.6610 0.6610 0.6610 0.6610 0.6610 0.4736 0.7165 nan
COCOfunction12-dim1-seed1-disth2-height0.5-radius0.05-freq100-amp2 kriging 0 0 1 1 0.0001 338.95 0.0000 0.0000 0.0000 0.0000 0.0000 0.0000 0.0000 0.0000 0.0000 0.0000 0.0000 0.0077 1.7313 nan
COCOfunction12-dim1-seed1-disth1-height0.5-radius0.1-freq10-amp0.1 kriging 0 0 1 1 1.0000 0.0000 0.6610 0.6610 0.6610 0.6610 0.6610 0.6610 0.6610 0.6610 0.6610 0.6610 0.6610 0.4736 0.7165 nan
COCOfunction12-dim1-seed1-disth2-height0.5-radius0.1-freq10-amp0.1 kriging 0 0 1 1 0.0098 15.217 0.0000 0.0000 0.0000 0.0000 0.0000 0.0000 0.0000 0.0000 0.0000 0.0000 0.0000 0.0274 1.5186 nan
COCOfunction12-dim1-seed1-disth1-height0.5-radius0.1-freq100-amp0.1 kriging 0 0 1 1 1.0000 0.0000 0.6610 0.6610 0.6610 0.6610 0.6610 0.6610 0.6610 0.6610 0.6610 0.6610 0.6610 0.4736 0.7165 nan
COCOfunction12-dim1-seed1-disth2-height0.5-radius0.1-freq100-amp0.1 kriging 0 0 1 1 0.0000 15.897 0.0000 0.0000 0.0000 0.0000 0.0000 0.0000 0.0000 0.0000 0.0000 0.0000 0.0000 0.0077 1.7586 nan
COCOfunction12-dim1-seed1-disth1-height0.5-radius0.1-freq10-amp0.5 kriging 0 0 1 1 1.0000 0.0000 0.6610 0.6610 0.6610 0.6610 0.6610 0.6610 0.6610 0.6610 0.6610 0.6610 0.6610 0.4736 0.7165 nan
COCOfunction12-dim1-seed1-disth2-height0.5-radius0.1-freq10-amp0.5 kriging 0 0 1 1 0.0069 76.085 0.0000 0.0000 0.0000 0.0000 0.0000 0.0000 0.0000 0.0000 0.0000 0.0000 0.0000 0.0265 1.5035 nan
COCOfunction12-dim1-seed1-disth1-height0.5-radius0.1-freq100-amp0.5 kriging 0 0 1 1 1.0000 0.0000 0.6610 0.6610 0.6610 0.6610 0.6610 0.6610 0.6610 0.6610 0.6610 0.6610 0.6610 0.4736 0.7165 nan
COCOfunction12-dim1-seed1-disth2-height0.5-radius0.1-freq100-amp0.5 kriging 0 0 1 1 0.0000 79.486 0.0000 0.0000 0.0000 0.0000 0.0000 0.0000 0.0000 0.0000 0.0000 0.0000 0.0000 0.0077 1.7365 nan
COCOfunction12-dim1-seed1-disth1-height0.5-radius0.1-freq10-amp1 kriging 0 0 1 1 1.0000 0.0000 0.6610 0.6610 0.6610 0.6610 0.6610 0.6610 0.6610 0.6610 0.6610 0.6610 0.6610 0.4736 0.7165 nan
COCOfunction12-dim1-seed1-disth2-height0.5-radius0.1-freq10-amp1 kriging 0 0 1 1 0.0066 152.17 0.0000 0.0000 0.0000 0.0000 0.0000 0.0000 0.0000 0.0000 0.0000 0.0000 0.0000 0.0264 1.5015 nan
COCOfunction12-dim1-seed1-disth1-height0.5-radius0.1-freq100-amp1 kriging 0 0 1 1 1.0000 0.0000 0.6610 0.6610 0.6610 0.6610 0.6610 0.6610 0.6610 0.6610 0.6610 0.6610 0.6610 0.4736 0.7165 nan
COCOfunction12-dim1-seed1-disth2-height0.5-radius0.1-freq100-amp1 kriging 0 0 1 1 0.0000 158.97 0.0000 0.0000 0.0000 0.0000 0.0000 0.0000 0.0000 0.0000 0.0000 0.0000 0.0000 0.0077 1.7331 nan
COCOfunction12-dim1-seed1-disth1-height0.5-radius0.1-freq10-amp1.5 kriging 0 0 1 1 1.0000 0.0000 0.6610 0.6610 0.6610 0.6610 0.6610 0.6610 0.6610 0.6610 0.6610 0.6610 0.6610 0.4736 0.7165 nan
COCOfunction12-dim1-seed1-disth2-height0.5-radius0.1-freq10-amp1.5 kriging 0 0 1 1 0.0064 228.25 0.0000 0.0000 0.0000 0.0000 0.0000 0.0000 0.0000 0.0000 0.0000 0.0000 0.0000 0.0264 1.5008 nan
COCOfunction12-dim1-seed1-disth1-height0.5-radius0.1-freq100-amp1.5 kriging 0 0 1 1 1.0000 0.0000 0.6610 0.6610 0.6610 0.6610 0.6610 0.6610 0.6610 0.6610 0.6610 0.6610 0.6610 0.4736 0.7165 nan
COCOfunction12-dim1-seed1-disth2-height0.5-radius0.1-freq100-amp1.5 kriging 0 0 1 1 0.0001 238.45 0.0000 0.0000 0.0000 0.0000 0.0000 0.0000 0.0000 0.0000 0.0000 0.0000 0.0000 0.0077 1.7320 nan
COCOfunction12-dim1-seed1-disth1-height0.5-radius0.1-freq10-amp2 kriging 0 0 1 1 1.0000 0.0000 0.6610 0.6610 0.6610 0.6610 0.6610 0.6610 0.6610 0.6610 0.6610 0.6610 0.6610 0.4736 0.7165 nan
COCOfunction12-dim1-seed1-disth2-height0.5-radius0.1-freq10-amp2 kriging 0 0 1 1 0.0064 304.34 0.0000 0.0000 0.0000 0.0000 0.0000 0.0000 0.0000 0.0000 0.0000 0.0000 0.0000 0.0264 1.5005 nan
COCOfunction12-dim1-seed1-disth1-height0.5-radius0.1-freq100-amp2 kriging 0 0 1 1 1.0000 0.0000 0.6610 0.6610 0.6610 0.6610 0.6610 0.6610 0.6610 0.6610 0.6610 0.6610 0.6610 0.4736 0.7165 nan
COCOfunction12-dim1-seed1-disth2-height0.5-radius0.1-freq100-amp2 kriging 0 0 1 1 0.0001 317.94 0.0000 0.0000 0.0000 0.0000 0.0000 0.0000 0.0000 0.0000 0.0000 0.0000 0.0000 0.0077 1.7314 nan
