instance technique highFiBudget lowFiBudget seed dimension CC RRMSE LCC_0.1 LCC_0.2 LCC_0.3 LCC_0.4 LCC_0.5 LCC_0.6 LCC_0.7 LCC_0.8 LCC_0.9 LCC_0.95 LCC_0.975 LCC_sd LCC_coeff performance
COCOfunction19-dim5-seed1-disth1-height0.75-radius0.1-freq10-amp0.1 kriging 0 0 1 5 1.0000 0.0000 1.0000 1.0000 1.0000 1.0000 1.0000 1.0000 1.0000 1.0000 1.0000 1.0000 1.0000 0.0000 0.0000 nan
COCOfunction19-dim5-seed1-disth2-height0.75-radius0.1-freq10-amp0.1 kriging 0 0 1 5 0.7814 0.0538 0.9490 0.8814 0.8046 0.7184 0.6066 0.4576 0.2814 0.1224 0.0234 0.0068 0.0004 0.2349 0.4396 nan
COCOfunction19-dim5-seed1-disth1-height0.75-radius0.1-freq100-amp0.1 kriging 0 0 1 5 1.0000 0.0000 1.0000 1.0000 1.0000 1.0000 1.0000 1.0000 1.0000 1.0000 1.0000 1.0000 1.0000 0.0000 0.0000 nan
COCOfunction19-dim5-seed1-disth2-height0.75-radius0.1-freq100-amp0.1 kriging 0 0 1 5 0.6907 0.0580 0.9270 0.8100 0.6780 0.5290 0.3784 0.2392 0.1284 0.0558 0.0120 0.0028 0.0000 0.2236 0.5259 nan
COCOfunction19-dim5-seed1-disth1-height0.75-radius0.1-freq10-amp0.5 kriging 0 0 1 5 1.0000 0.0000 1.0000 1.0000 1.0000 1.0000 1.0000 1.0000 1.0000 1.0000 1.0000 1.0000 1.0000 0.0000 0.0000 nan
COCOfunction19-dim5-seed1-disth2-height0.75-radius0.1-freq10-amp0.5 kriging 0 0 1 5 0.1699 0.2693 0.3788 0.1974 0.0926 0.0328 0.0102 0.0030 0.0002 0.0000 0.0000 0.0000 0.0000 0.1215 1.1283 nan
COCOfunction19-dim5-seed1-disth1-height0.75-radius0.1-freq100-amp0.5 kriging 0 0 1 5 1.0000 0.0000 1.0000 1.0000 1.0000 1.0000 1.0000 1.0000 1.0000 1.0000 1.0000 1.0000 1.0000 0.0000 0.0000 nan
COCOfunction19-dim5-seed1-disth2-height0.75-radius0.1-freq100-amp0.5 kriging 0 0 1 5 0.0656 0.2904 0.1170 0.0274 0.0070 0.0036 0.0006 0.0000 0.0000 0.0000 0.0000 0.0000 0.0000 0.0588 1.4160 nan
COCOfunction19-dim5-seed1-disth1-height0.75-radius0.1-freq10-amp1 kriging 0 0 1 5 1.0000 0.0000 1.0000 1.0000 1.0000 1.0000 1.0000 1.0000 1.0000 1.0000 1.0000 1.0000 1.0000 0.0000 0.0000 nan
COCOfunction19-dim5-seed1-disth2-height0.75-radius0.1-freq10-amp1 kriging 0 0 1 5 0.0692 0.5386 0.2124 0.0968 0.0286 0.0048 0.0000 0.0000 0.0000 0.0000 0.0000 0.0000 0.0000 0.0869 1.4423 nan
COCOfunction19-dim5-seed1-disth1-height0.75-radius0.1-freq100-amp1 kriging 0 0 1 5 1.0000 0.0000 1.0000 1.0000 1.0000 1.0000 1.0000 1.0000 1.0000 1.0000 1.0000 1.0000 1.0000 0.0000 0.0000 nan
COCOfunction19-dim5-seed1-disth2-height0.75-radius0.1-freq100-amp1 kriging 0 0 1 5 0.0122 0.5809 0.0168 0.0018 0.0000 0.0000 0.0000 0.0000 0.0000 0.0000 0.0000 0.0000 0.0000 0.0244 1.6593 nan
COCOfunction19-dim5-seed1-disth1-height0.75-radius0.1-freq10-amp1.5 kriging 0 0 1 5 1.0000 0.0000 1.0000 1.0000 1.0000 1.0000 1.0000 1.0000 1.0000 1.0000 1.0000 1.0000 1.0000 0.0000 0.0000 nan
COCOfunction19-dim5-seed1-disth2-height0.75-radius0.1-freq10-amp1.5 kriging 0 0 1 5 0.0433 0.8079 0.1736 0.0720 0.0148 0.0014 0.0000 0.0000 0.0000 0.0000 0.0000 0.0000 0.0000 0.0759 1.5544 nan
COCOfunction19-dim5-seed1-disth1-height0.75-radius0.1-freq100-amp1.5 kriging 0 0 1 5 1.0000 0.0000 1.0000 1.0000 1.0000 1.0000 1.0000 1.0000 1.0000 1.0000 1.0000 1.0000 1.0000 0.0000 0.0000 nan
COCOfunction19-dim5-seed1-disth2-height0.75-radius0.1-freq100-amp1.5 kriging 0 0 1 5 0.0036 0.8713 0.0052 0.0002 0.0000 0.0000 0.0000 0.0000 0.0000 0.0000 0.0000 0.0000 0.0000 0.0171 1.6574 nan
COCOfunction19-dim5-seed1-disth1-height0.75-radius0.1-freq10-amp2 kriging 0 0 1 5 1.0000 0.0000 1.0000 1.0000 1.0000 1.0000 1.0000 1.0000 1.0000 1.0000 1.0000 1.0000 1.0000 0.0000 0.0000 nan
COCOfunction19-dim5-seed1-disth2-height0.75-radius0.1-freq10-amp2 kriging 0 0 1 5 0.0323 1.0772 0.1564 0.0604 0.0104 0.0010 0.0000 0.0000 0.0000 0.0000 0.0000 0.0000 0.0000 0.0707 1.6019 nan
COCOfunction19-dim5-seed1-disth1-height0.75-radius0.1-freq100-amp2 kriging 0 0 1 5 1.0000 0.0000 1.0000 1.0000 1.0000 1.0000 1.0000 1.0000 1.0000 1.0000 1.0000 1.0000 1.0000 0.0000 0.0000 nan
COCOfunction19-dim5-seed1-disth2-height0.75-radius0.1-freq100-amp2 kriging 0 0 1 5 0.0011 1.1618 0.0028 0.0002 0.0000 0.0000 0.0000 0.0000 0.0000 0.0000 0.0000 0.0000 0.0000 0.0149 1.6308 nan
COCOfunction19-dim5-seed1-disth1-height0.75-radius0.15-freq10-amp0.1 kriging 0 0 1 5 1.0000 0.0000 1.0000 1.0000 1.0000 1.0000 1.0000 1.0000 1.0000 1.0000 1.0000 1.0000 1.0000 0.0000 0.0000 nan
COCOfunction19-dim5-seed1-disth2-height0.75-radius0.15-freq10-amp0.1 kriging 0 0 1 5 0.7919 0.0522 0.9526 0.8876 0.8140 0.7308 0.6290 0.4810 0.3026 0.1354 0.0260 0.0076 0.0014 0.2354 0.4311 nan
COCOfunction19-dim5-seed1-disth1-height0.75-radius0.15-freq100-amp0.1 kriging 0 0 1 5 1.0000 0.0000 1.0000 1.0000 1.0000 1.0000 1.0000 1.0000 1.0000 1.0000 1.0000 1.0000 1.0000 0.0000 0.0000 nan
COCOfunction19-dim5-seed1-disth2-height0.75-radius0.15-freq100-amp0.1 kriging 0 0 1 5 0.7036 0.0563 0.9346 0.8186 0.6942 0.5474 0.3974 0.2582 0.1406 0.0626 0.0142 0.0036 0.0000 0.2256 0.5161 nan
COCOfunction19-dim5-seed1-disth1-height0.75-radius0.15-freq10-amp0.5 kriging 0 0 1 5 1.0000 0.0000 1.0000 1.0000 1.0000 1.0000 1.0000 1.0000 1.0000 1.0000 1.0000 1.0000 1.0000 0.0000 0.0000 nan
COCOfunction19-dim5-seed1-disth2-height0.75-radius0.15-freq10-amp0.5 kriging 0 0 1 5 0.1789 0.2611 0.3966 0.2098 0.1000 0.0352 0.0110 0.0038 0.0004 0.0000 0.0000 0.0000 0.0000 0.1244 1.1083 nan
COCOfunction19-dim5-seed1-disth1-height0.75-radius0.15-freq100-amp0.5 kriging 0 0 1 5 1.0000 0.0000 1.0000 1.0000 1.0000 1.0000 1.0000 1.0000 1.0000 1.0000 1.0000 1.0000 1.0000 0.0000 0.0000 nan
COCOfunction19-dim5-seed1-disth2-height0.75-radius0.15-freq100-amp0.5 kriging 0 0 1 5 0.0696 0.2817 0.1282 0.0308 0.0092 0.0040 0.0008 0.0000 0.0000 0.0000 0.0000 0.0000 0.0000 0.0615 1.4060 nan
COCOfunction19-dim5-seed1-disth1-height0.75-radius0.15-freq10-amp1 kriging 0 0 1 5 1.0000 0.0000 1.0000 1.0000 1.0000 1.0000 1.0000 1.0000 1.0000 1.0000 1.0000 1.0000 1.0000 0.0000 0.0000 nan
COCOfunction19-dim5-seed1-disth2-height0.75-radius0.15-freq10-amp1 kriging 0 0 1 5 0.0733 0.5223 0.2192 0.0994 0.0312 0.0056 0.0002 0.0000 0.0000 0.0000 0.0000 0.0000 0.0000 0.0884 1.4233 nan
COCOfunction19-dim5-seed1-disth1-height0.75-radius0.15-freq100-amp1 kriging 0 0 1 5 1.0000 0.0000 1.0000 1.0000 1.0000 1.0000 1.0000 1.0000 1.0000 1.0000 1.0000 1.0000 1.0000 0.0000 0.0000 nan
COCOfunction19-dim5-seed1-disth2-height0.75-radius0.15-freq100-amp1 kriging 0 0 1 5 0.0131 0.5635 0.0180 0.0018 0.0000 0.0000 0.0000 0.0000 0.0000 0.0000 0.0000 0.0000 0.0000 0.0250 1.6497 nan
COCOfunction19-dim5-seed1-disth1-height0.75-radius0.15-freq10-amp1.5 kriging 0 0 1 5 1.0000 0.0000 1.0000 1.0000 1.0000 1.0000 1.0000 1.0000 1.0000 1.0000 1.0000 1.0000 1.0000 0.0000 0.0000 nan
COCOfunction19-dim5-seed1-disth2-height0.75-radius0.15-freq10-amp1.5 kriging 0 0 1 5 0.0459 0.7835 0.1772 0.0742 0.0154 0.0016 0.0000 0.0000 0.0000 0.0000 0.0000 0.0000 0.0000 0.0768 1.5401 nan
COCOfunction19-dim5-seed1-disth1-height0.75-radius0.15-freq100-amp1.5 kriging 0 0 1 5 1.0000 0.0000 1.0000 1.0000 1.0000 1.0000 1.0000 1.0000 1.0000 1.0000 1.0000 1.0000 1.0000 0.0000 0.0000 nan
COCOfunction19-dim5-seed1-disth2-height0.75-radius0.15-freq100-amp1.5 kriging 0 0 1 5 0.0038 0.8453 0.0050 0.0002 0.0000 0.0000 0.0000 0.0000 0.0000 0.0000 0.0000 0.0000 0.0000 0.0172 1.6504 nan
COCOfunction19-dim5-seed1-disth1-height0.75-radius0.15-freq10-amp2 kriging 0 0 1 5 1.0000 0.0000 1.0000 1.0000 1.0000 1.0000 1.0000 1.0000 1.0000 1.0000 1.0000 1.0000 1.0000 0.0000 0.0000 nan
COCOfunction19-dim5-seed1-disth2-height0.75-radius0.15-freq10-amp2 kriging 0 0 1 5 0.0343 1.0447 0.1602 0.0618 0.0108 0.0010 0.0000 0.0000 0.0000 0.0000 0.0000 0.0000 0.0000 0.0713 1.5912 nan
COCOfunction19-dim5-seed1-disth1-height0.75-radius0.15-freq100-amp2 kriging 0 0 1 5 1.0000 0.0000 1.0000 1.0000 1.0000 1.0000 1.0000 1.0000 1.0000 1.0000 1.0000 1.0000 1.0000 0.0000 0.0000 nan
COCOfunction19-dim5-seed1-disth2-height0.75-radius0.15-freq100-amp2 kriging 0 0 1 5 0.0012 1.1271 0.0028 0.0002 0.0000 0.0000 0.0000 0.0000 0.0000 0.0000 0.0000 0.0000 0.0000 0.0148 1.6272 nan
COCOfunction19-dim5-seed1-disth1-height0.75-radius0.2-freq10-amp0.1 kriging 0 0 1 5 1.0000 0.0000 1.0000 1.0000 1.0000 1.0000 1.0000 1.0000 1.0000 1.0000 1.0000 1.0000 1.0000 0.0000 0.0000 nan
COCOfunction19-dim5-seed1-disth2-height0.75-radius0.2-freq10-amp0.1 kriging 0 0 1 5 0.8035 0.0504 0.9558 0.8948 0.8260 0.7436 0.6500 0.5064 0.3348 0.1562 0.0298 0.0092 0.0022 0.2357 0.4213 nan
COCOfunction19-dim5-seed1-disth1-height0.75-radius0.2-freq100-amp0.1 kriging 0 0 1 5 1.0000 0.0000 1.0000 1.0000 1.0000 1.0000 1.0000 1.0000 1.0000 1.0000 1.0000 1.0000 1.0000 0.0000 0.0000 nan
COCOfunction19-dim5-seed1-disth2-height0.75-radius0.2-freq100-amp0.1 kriging 0 0 1 5 0.7182 0.0544 0.9392 0.8300 0.7126 0.5730 0.4240 0.2820 0.1592 0.0712 0.0154 0.0044 0.0002 0.2278 0.5049 nan
COCOfunction19-dim5-seed1-disth1-height0.75-radius0.2-freq10-amp0.5 kriging 0 0 1 5 0.9999 0.0000 1.0000 1.0000 1.0000 1.0000 1.0000 1.0000 1.0000 1.0000 1.0000 1.0000 1.0000 0.0000 0.0000 nan
COCOfunction19-dim5-seed1-disth2-height0.75-radius0.2-freq10-amp0.5 kriging 0 0 1 5 0.1897 0.2520 0.4136 0.2252 0.1082 0.0398 0.0132 0.0044 0.0010 0.0000 0.0000 0.0000 0.0000 0.1279 1.0857 nan
COCOfunction19-dim5-seed1-disth1-height0.75-radius0.2-freq100-amp0.5 kriging 0 0 1 5 0.9999 0.0001 1.0000 1.0000 1.0000 1.0000 1.0000 1.0000 1.0000 1.0000 1.0000 1.0000 1.0000 0.0000 0.0000 nan
COCOfunction19-dim5-seed1-disth2-height0.75-radius0.2-freq100-amp0.5 kriging 0 0 1 5 0.0745 0.2720 0.1376 0.0364 0.0104 0.0050 0.0012 0.0002 0.0000 0.0000 0.0000 0.0000 0.0000 0.0649 1.3952 nan
COCOfunction19-dim5-seed1-disth1-height0.75-radius0.2-freq10-amp1 kriging 0 0 1 5 0.9999 0.0001 1.0000 1.0000 1.0000 1.0000 1.0000 1.0000 1.0000 1.0000 1.0000 1.0000 1.0000 0.0000 0.0000 nan
COCOfunction19-dim5-seed1-disth2-height0.75-radius0.2-freq10-amp1 kriging 0 0 1 5 0.0783 0.5041 0.2284 0.1048 0.0320 0.0062 0.0006 0.0000 0.0000 0.0000 0.0000 0.0000 0.0000 0.0902 1.4007 nan
COCOfunction19-dim5-seed1-disth1-height0.75-radius0.2-freq100-amp1 kriging 0 0 1 5 0.9999 0.0002 1.0000 1.0000 1.0000 1.0000 1.0000 1.0000 1.0000 1.0000 1.0000 1.0000 1.0000 0.0000 0.0000 nan
COCOfunction19-dim5-seed1-disth2-height0.75-radius0.2-freq100-amp1 kriging 0 0 1 5 0.0141 0.5441 0.0192 0.0018 0.0000 0.0000 0.0000 0.0000 0.0000 0.0000 0.0000 0.0000 0.0000 0.0258 1.6391 nan
COCOfunction19-dim5-seed1-disth1-height0.75-radius0.2-freq10-amp1.5 kriging 0 0 1 5 0.9999 0.0002 1.0000 1.0000 1.0000 1.0000 1.0000 1.0000 1.0000 1.0000 1.0000 1.0000 1.0000 0.0000 0.0000 nan
COCOfunction19-dim5-seed1-disth2-height0.75-radius0.2-freq10-amp1.5 kriging 0 0 1 5 0.0491 0.7561 0.1812 0.0764 0.0162 0.0022 0.0000 0.0000 0.0000 0.0000 0.0000 0.0000 0.0000 0.0779 1.5224 nan
COCOfunction19-dim5-seed1-disth1-height0.75-radius0.2-freq100-amp1.5 kriging 0 0 1 5 0.9999 0.0004 1.0000 1.0000 1.0000 1.0000 1.0000 1.0000 1.0000 1.0000 1.0000 1.0000 1.0000 0.0000 0.0000 nan
COCOfunction19-dim5-seed1-disth2-height0.75-radius0.2-freq100-amp1.5 kriging 0 0 1 5 0.0042 0.8161 0.0056 0.0002 0.0000 0.0000 0.0000 0.0000 0.0000 0.0000 0.0000 0.0000 0.0000 0.0173 1.6418 nan
COCOfunction19-dim5-seed1-disth1-height0.75-radius0.2-freq10-amp2 kriging 0 0 1 5 0.9999 0.0003 1.0000 1.0000 1.0000 1.0000 1.0000 1.0000 1.0000 1.0000 1.0000 1.0000 1.0000 0.0000 0.0000 nan
COCOfunction19-dim5-seed1-disth2-height0.75-radius0.2-freq10-amp2 kriging 0 0 1 5 0.0367 1.0082 0.1646 0.0644 0.0118 0.0010 0.0000 0.0000 0.0000 0.0000 0.0000 0.0000 0.0000 0.0721 1.5775 nan
COCOfunction19-dim5-seed1-disth1-height0.75-radius0.2-freq100-amp2 kriging 0 0 1 5 0.9999 0.0005 1.0000 1.0000 1.0000 1.0000 1.0000 1.0000 1.0000 1.0000 1.0000 1.0000 1.0000 0.0000 0.0000 nan
COCOfunction19-dim5-seed1-disth2-height0.75-radius0.2-freq100-amp2 kriging 0 0 1 5 0.0014 1.0882 0.0028 0.0002 0.0000 0.0000 0.0000 0.0000 0.0000 0.0000 0.0000 0.0000 0.0000 0.0147 1.6230 nan
COCOfunction19-dim5-seed1-disth1-height0.75-radius0.25-freq10-amp0.1 kriging 0 0 1 5 0.9999 0.0002 1.0000 1.0000 1.0000 1.0000 1.0000 1.0000 1.0000 1.0000 1.0000 1.0000 1.0000 0.0000 0.0000 nan
COCOfunction19-dim5-seed1-disth2-height0.75-radius0.25-freq10-amp0.1 kriging 0 0 1 5 0.8165 0.0483 0.9602 0.9038 0.8376 0.7636 0.6724 0.5350 0.3632 0.1800 0.0368 0.0112 0.0034 0.2359 0.4101 nan
COCOfunction19-dim5-seed1-disth1-height0.75-radius0.25-freq100-amp0.1 kriging 0 0 1 5 0.9999 0.0004 1.0000 1.0000 1.0000 1.0000 1.0000 1.0000 1.0000 1.0000 1.0000 1.0000 1.0000 0.0000 0.0000 nan
COCOfunction19-dim5-seed1-disth2-height0.75-radius0.25-freq100-amp0.1 kriging 0 0 1 5 0.7348 0.0522 0.9444 0.8448 0.7282 0.6014 0.4552 0.3106 0.1810 0.0836 0.0184 0.0052 0.0008 0.2300 0.4920 nan
COCOfunction19-dim5-seed1-disth1-height0.75-radius0.25-freq10-amp0.5 kriging 0 0 1 5 0.9998 0.0012 1.0000 1.0000 1.0000 1.0000 1.0000 1.0000 1.0000 1.0000 1.0000 1.0000 1.0000 0.0002 0.0002 nan
COCOfunction19-dim5-seed1-disth2-height0.75-radius0.25-freq10-amp0.5 kriging 0 0 1 5 0.2029 0.2417 0.4342 0.2414 0.1188 0.0460 0.0160 0.0060 0.0016 0.0000 0.0000 0.0000 0.0000 0.1323 1.0597 nan
COCOfunction19-dim5-seed1-disth1-height0.75-radius0.25-freq100-amp0.5 kriging 0 0 1 5 0.9992 0.0023 1.0000 1.0000 1.0000 1.0000 1.0000 1.0000 1.0000 1.0000 1.0000 1.0000 1.0000 0.0007 0.0007 nan
COCOfunction19-dim5-seed1-disth2-height0.75-radius0.25-freq100-amp0.5 kriging 0 0 1 5 0.0809 0.2610 0.1530 0.0408 0.0130 0.0060 0.0022 0.0004 0.0000 0.0000 0.0000 0.0000 0.0000 0.0694 1.3879 nan
COCOfunction19-dim5-seed1-disth1-height0.75-radius0.25-freq10-amp1 kriging 0 0 1 5 0.9991 0.0025 1.0000 1.0000 1.0000 1.0000 1.0000 1.0000 1.0000 1.0000 1.0000 1.0000 0.9998 0.0010 0.0010 nan
COCOfunction19-dim5-seed1-disth2-height0.75-radius0.25-freq10-amp1 kriging 0 0 1 5 0.0845 0.4834 0.2370 0.1102 0.0350 0.0084 0.0006 0.0000 0.0000 0.0000 0.0000 0.0000 0.0000 0.0924 1.3723 nan
COCOfunction19-dim5-seed1-disth1-height0.75-radius0.25-freq100-amp1 kriging 0 0 1 5 0.9971 0.0047 1.0000 1.0000 1.0000 1.0000 1.0000 1.0000 1.0000 1.0000 1.0000 0.9998 0.9964 0.0025 0.0025 nan
COCOfunction19-dim5-seed1-disth2-height0.75-radius0.25-freq100-amp1 kriging 0 0 1 5 0.0155 0.5221 0.0218 0.0020 0.0000 0.0000 0.0000 0.0000 0.0000 0.0000 0.0000 0.0000 0.0000 0.0271 1.6432 nan
COCOfunction19-dim5-seed1-disth1-height0.75-radius0.25-freq10-amp1.5 kriging 0 0 1 5 0.9981 0.0037 1.0000 1.0000 1.0000 1.0000 1.0000 1.0000 1.0000 1.0000 0.9998 0.9996 0.9970 0.0026 0.0026 nan
COCOfunction19-dim5-seed1-disth2-height0.75-radius0.25-freq10-amp1.5 kriging 0 0 1 5 0.0531 0.7251 0.1890 0.0800 0.0172 0.0022 0.0000 0.0000 0.0000 0.0000 0.0000 0.0000 0.0000 0.0793 1.4995 nan
COCOfunction19-dim5-seed1-disth1-height0.75-radius0.25-freq100-amp1.5 kriging 0 0 1 5 0.9937 0.0071 1.0000 1.0000 1.0000 1.0000 1.0000 1.0000 1.0000 1.0000 1.0000 0.9964 0.9914 0.0050 0.0050 nan
COCOfunction19-dim5-seed1-disth2-height0.75-radius0.25-freq100-amp1.5 kriging 0 0 1 5 0.0047 0.7832 0.0066 0.0002 0.0000 0.0000 0.0000 0.0000 0.0000 0.0000 0.0000 0.0000 0.0000 0.0176 1.6392 nan
COCOfunction19-dim5-seed1-disth1-height0.75-radius0.25-freq10-amp2 kriging 0 0 1 5 0.9967 0.0050 1.0000 1.0000 1.0000 1.0000 1.0000 1.0000 1.0000 0.9998 0.9998 0.9974 0.9942 0.0049 0.0049 nan
COCOfunction19-dim5-seed1-disth2-height0.75-radius0.25-freq10-amp2 kriging 0 0 1 5 0.0397 0.9669 0.1680 0.0666 0.0120 0.0010 0.0000 0.0000 0.0000 0.0000 0.0000 0.0000 0.0000 0.0731 1.5594 nan
COCOfunction19-dim5-seed1-disth1-height0.75-radius0.25-freq100-amp2 kriging 0 0 1 5 0.9890 0.0095 1.0000 1.0000 1.0000 1.0000 1.0000 1.0000 1.0000 1.0000 0.9976 0.9922 0.9908 0.0078 0.0078 nan
COCOfunction19-dim5-seed1-disth2-height0.75-radius0.25-freq100-amp2 kriging 0 0 1 5 0.0016 1.0442 0.0032 0.0002 0.0000 0.0000 0.0000 0.0000 0.0000 0.0000 0.0000 0.0000 0.0000 0.0147 1.6184 nan
COCOfunction19-dim5-seed1-disth1-height1-radius0.025-freq10-amp0.1 kriging 0 0 1 5 1.0000 0.0000 1.0000 1.0000 1.0000 1.0000 1.0000 1.0000 1.0000 1.0000 1.0000 1.0000 1.0000 0.0000 0.0000 nan
COCOfunction19-dim5-seed1-disth2-height1-radius0.025-freq10-amp0.1 kriging 0 0 1 5 0.6417 0.0769 0.8852 0.7680 0.6508 0.5074 0.3562 0.2156 0.0950 0.0246 0.0064 0.0002 0.0000 0.2224 0.5574 nan
COCOfunction19-dim5-seed1-disth1-height1-radius0.025-freq100-amp0.1 kriging 0 0 1 5 1.0000 0.0000 1.0000 1.0000 1.0000 1.0000 1.0000 1.0000 1.0000 1.0000 1.0000 1.0000 1.0000 0.0000 0.0000 nan
COCOfunction19-dim5-seed1-disth2-height1-radius0.025-freq100-amp0.1 kriging 0 0 1 5 0.5189 0.0828 0.8210 0.6096 0.4198 0.2684 0.1520 0.0842 0.0356 0.0114 0.0018 0.0000 0.0000 0.1943 0.6715 nan
COCOfunction19-dim5-seed1-disth1-height1-radius0.025-freq10-amp0.5 kriging 0 0 1 5 1.0000 0.0000 1.0000 1.0000 1.0000 1.0000 1.0000 1.0000 1.0000 1.0000 1.0000 1.0000 1.0000 0.0000 0.0000 nan
COCOfunction19-dim5-seed1-disth2-height1-radius0.025-freq10-amp0.5 kriging 0 0 1 5 0.0998 0.3846 0.2570 0.1254 0.0526 0.0114 0.0008 0.0000 0.0000 0.0000 0.0000 0.0000 0.0000 0.0989 1.3337 nan
COCOfunction19-dim5-seed1-disth1-height1-radius0.025-freq100-amp0.5 kriging 0 0 1 5 1.0000 0.0000 1.0000 1.0000 1.0000 1.0000 1.0000 1.0000 1.0000 1.0000 1.0000 1.0000 1.0000 0.0000 0.0000 nan
COCOfunction19-dim5-seed1-disth2-height1-radius0.025-freq100-amp0.5 kriging 0 0 1 5 0.0303 0.4142 0.0462 0.0066 0.0016 0.0002 0.0000 0.0000 0.0000 0.0000 0.0000 0.0000 0.0000 0.0372 1.5766 nan
COCOfunction19-dim5-seed1-disth1-height1-radius0.025-freq10-amp1 kriging 0 0 1 5 1.0000 0.0000 1.0000 1.0000 1.0000 1.0000 1.0000 1.0000 1.0000 1.0000 1.0000 1.0000 1.0000 0.0000 0.0000 nan
COCOfunction19-dim5-seed1-disth2-height1-radius0.025-freq10-amp1 kriging 0 0 1 5 0.0412 0.7693 0.1706 0.0714 0.0152 0.0022 0.0000 0.0000 0.0000 0.0000 0.0000 0.0000 0.0000 0.0762 1.5728 nan
COCOfunction19-dim5-seed1-disth1-height1-radius0.025-freq100-amp1 kriging 0 0 1 5 1.0000 0.0000 1.0000 1.0000 1.0000 1.0000 1.0000 1.0000 1.0000 1.0000 1.0000 1.0000 1.0000 0.0000 0.0000 nan
COCOfunction19-dim5-seed1-disth2-height1-radius0.025-freq100-amp1 kriging 0 0 1 5 0.0047 0.8285 0.0076 0.0004 0.0000 0.0000 0.0000 0.0000 0.0000 0.0000 0.0000 0.0000 0.0000 0.0188 1.6952 nan
COCOfunction19-dim5-seed1-disth1-height1-radius0.025-freq10-amp1.5 kriging 0 0 1 5 1.0000 0.0000 1.0000 1.0000 1.0000 1.0000 1.0000 1.0000 1.0000 1.0000 1.0000 1.0000 1.0000 0.0000 0.0000 nan
COCOfunction19-dim5-seed1-disth2-height1-radius0.025-freq10-amp1.5 kriging 0 0 1 5 0.0266 1.1540 0.1492 0.0568 0.0102 0.0008 0.0000 0.0000 0.0000 0.0000 0.0000 0.0000 0.0000 0.0693 1.6305 nan
COCOfunction19-dim5-seed1-disth1-height1-radius0.025-freq100-amp1.5 kriging 0 0 1 5 1.0000 0.0000 1.0000 1.0000 1.0000 1.0000 1.0000 1.0000 1.0000 1.0000 1.0000 1.0000 1.0000 0.0000 0.0000 nan
COCOfunction19-dim5-seed1-disth2-height1-radius0.025-freq100-amp1.5 kriging 0 0 1 5 0.0011 1.2428 0.0038 0.0002 0.0000 0.0000 0.0000 0.0000 0.0000 0.0000 0.0000 0.0000 0.0000 0.0155 1.6508 nan
COCOfunction19-dim5-seed1-disth1-height1-radius0.025-freq10-amp2 kriging 0 0 1 5 1.0000 0.0000 1.0000 1.0000 1.0000 1.0000 1.0000 1.0000 1.0000 1.0000 1.0000 1.0000 1.0000 0.0000 0.0000 nan
COCOfunction19-dim5-seed1-disth2-height1-radius0.025-freq10-amp2 kriging 0 0 1 5 0.0204 1.5387 0.1398 0.0502 0.0084 0.0006 0.0000 0.0000 0.0000 0.0000 0.0000 0.0000 0.0000 0.0660 1.6480 nan
COCOfunction19-dim5-seed1-disth1-height1-radius0.025-freq100-amp2 kriging 0 0 1 5 1.0000 0.0000 1.0000 1.0000 1.0000 1.0000 1.0000 1.0000 1.0000 1.0000 1.0000 1.0000 1.0000 0.0000 0.0000 nan
COCOfunction19-dim5-seed1-disth2-height1-radius0.025-freq100-amp2 kriging 0 0 1 5 0.0002 1.6570 0.0028 0.0004 0.0000 0.0000 0.0000 0.0000 0.0000 0.0000 0.0000 0.0000 0.0000 0.0146 1.6166 nan
