instance technique highFiBudget lowFiBudget seed dimension CC RRMSE LCC_0.1 LCC_0.2 LCC_0.3 LCC_0.4 LCC_0.5 LCC_0.6 LCC_0.7 LCC_0.8 LCC_0.9 LCC_0.95 LCC_0.975 LCC_sd LCC_coeff performance
COCOfunction12-dim1-seed1-disth1-height0-radius0.25-freq10-amp0.1 kriging 0 0 1 1 1.0000 0.0000 0.6610 0.6610 0.6610 0.6610 0.6610 0.6610 0.6610 0.6610 0.6610 0.6610 0.6610 0.4736 0.7165 nan
COCOfunction12-dim1-seed1-disth2-height0-radius0.25-freq10-amp0.1 kriging 0 0 1 1 0.0077 34.279 0.0000 0.0000 0.0000 0.0000 0.0000 0.0000 0.0000 0.0000 0.0000 0.0000 0.0000 0.0268 1.5083 nan
COCOfunction12-dim1-seed1-disth1-height0-radius0.25-freq100-amp0.1 kriging 0 0 1 1 1.0000 0.0000 0.6610 0.6610 0.6610 0.6610 0.6610 0.6610 0.6610 0.6610 0.6610 0.6610 0.6610 0.4736 0.7165 nan
COCOfunction12-dim1-seed1-disth2-height0-radius0.25-freq100-amp0.1 kriging 0 0 1 1 0.0000 35.810 0.0000 0.0000 0.0000 0.0000 0.0000 0.0000 0.0000 0.0000 0.0000 0.0000 0.0000 0.0077 1.7440 nan
COCOfunction12-dim1-seed1-disth1-height0-radius0.25-freq10-amp0.5 kriging 0 0 1 1 1.0000 0.0000 0.6610 0.6610 0.6610 0.6610 0.6610 0.6610 0.6610 0.6610 0.6610 0.6610 0.6610 0.4736 0.7165 nan
COCOfunction12-dim1-seed1-disth2-height0-radius0.25-freq10-amp0.5 kriging 0 0 1 1 0.0065 171.39 0.0000 0.0000 0.0000 0.0000 0.0000 0.0000 0.0000 0.0000 0.0000 0.0000 0.0000 0.0264 1.5013 nan
COCOfunction12-dim1-seed1-disth1-height0-radius0.25-freq100-amp0.5 kriging 0 0 1 1 1.0000 0.0000 0.6610 0.6610 0.6610 0.6610 0.6610 0.6610 0.6610 0.6610 0.6610 0.6610 0.6610 0.4736 0.7165 nan
COCOfunction12-dim1-seed1-disth2-height0-radius0.25-freq100-amp0.5 kriging 0 0 1 1 0.0000 179.05 0.0000 0.0000 0.0000 0.0000 0.0000 0.0000 0.0000 0.0000 0.0000 0.0000 0.0000 0.0077 1.7326 nan
COCOfunction12-dim1-seed1-disth1-height0-radius0.25-freq10-amp1 kriging 0 0 1 1 1.0000 0.0000 0.6610 0.6610 0.6610 0.6610 0.6610 0.6610 0.6610 0.6610 0.6610 0.6610 0.6610 0.4736 0.7165 nan
COCOfunction12-dim1-seed1-disth2-height0-radius0.25-freq10-amp1 kriging 0 0 1 1 0.0064 342.79 0.0000 0.0000 0.0000 0.0000 0.0000 0.0000 0.0000 0.0000 0.0000 0.0000 0.0000 0.0264 1.5004 nan
COCOfunction12-dim1-seed1-disth1-height0-radius0.25-freq100-amp1 kriging 0 0 1 1 1.0000 0.0000 0.6610 0.6610 0.6610 0.6610 0.6610 0.6610 0.6610 0.6610 0.6610 0.6610 0.6610 0.4736 0.7165 nan
COCOfunction12-dim1-seed1-disth2-height0-radius0.25-freq100-amp1 kriging 0 0 1 1 0.0001 358.10 0.0000 0.0000 0.0000 0.0000 0.0000 0.0000 0.0000 0.0000 0.0000 0.0000 0.0000 0.0077 1.7311 nan
COCOfunction12-dim1-seed1-disth1-height0-radius0.25-freq10-amp1.5 kriging 0 0 1 1 1.0000 0.0000 0.6610 0.6610 0.6610 0.6610 0.6610 0.6610 0.6610 0.6610 0.6610 0.6610 0.6610 0.4736 0.7165 nan
COCOfunction12-dim1-seed1-disth2-height0-radius0.25-freq10-amp1.5 kriging 0 0 1 1 0.0063 514.19 0.0000 0.0000 0.0000 0.0000 0.0000 0.0000 0.0000 0.0000 0.0000 0.0000 0.0000 0.0263 1.5001 nan
COCOfunction12-dim1-seed1-disth1-height0-radius0.25-freq100-amp1.5 kriging 0 0 1 1 1.0000 0.0000 0.6610 0.6610 0.6610 0.6610 0.6610 0.6610 0.6610 0.6610 0.6610 0.6610 0.6610 0.4736 0.7165 nan
COCOfunction12-dim1-seed1-disth2-height0-radius0.25-freq100-amp1.5 kriging 0 0 1 1 0.0001 537.16 0.0000 0.0000 0.0000 0.0000 0.0000 0.0000 0.0000 0.0000 0.0000 0.0000 0.0000 0.0077 1.7305 nan
COCOfunction12-dim1-seed1-disth1-height0-radius0.25-freq10-amp2 kriging 0 0 1 1 1.0000 0.0000 0.6610 0.6610 0.6610 0.6610 0.6610 0.6610 0.6610 0.6610 0.6610 0.6610 0.6610 0.4736 0.7165 nan
COCOfunction12-dim1-seed1-disth2-height0-radius0.25-freq10-amp2 kriging 0 0 1 1 0.0063 685.59 0.0000 0.0000 0.0000 0.0000 0.0000 0.0000 0.0000 0.0000 0.0000 0.0000 0.0000 0.0263 1.5000 nan
COCOfunction12-dim1-seed1-disth1-height0-radius0.25-freq100-amp2 kriging 0 0 1 1 1.0000 0.0000 0.6610 0.6610 0.6610 0.6610 0.6610 0.6610 0.6610 0.6610 0.6610 0.6610 0.6610 0.4736 0.7165 nan
COCOfunction12-dim1-seed1-disth2-height0-radius0.25-freq100-amp2 kriging 0 0 1 1 0.0001 716.21 0.0000 0.0000 0.0000 0.0000 0.0000 0.0000 0.0000 0.0000 0.0000 0.0000 0.0000 0.0077 1.7303 nan
COCOfunction12-dim1-seed1-disth1-height0.25-radius0.025-freq10-amp0.1 kriging 0 0 1 1 1.0000 0.0000 0.6610 0.6610 0.6610 0.6610 0.6610 0.6610 0.6610 0.6610 0.6610 0.6610 0.6610 0.4736 0.7165 nan
COCOfunction12-dim1-seed1-disth2-height0.25-radius0.025-freq10-amp0.1 kriging 0 0 1 1 0.0082 25.488 0.0000 0.0000 0.0000 0.0000 0.0000 0.0000 0.0000 0.0000 0.0000 0.0000 0.0000 0.0270 1.5113 nan
COCOfunction12-dim1-seed1-disth1-height0.25-radius0.025-freq100-amp0.1 kriging 0 0 1 1 1.0000 0.0000 0.6610 0.6610 0.6610 0.6610 0.6610 0.6610 0.6610 0.6610 0.6610 0.6610 0.6610 0.4736 0.7165 nan
COCOfunction12-dim1-seed1-disth2-height0.25-radius0.025-freq100-amp0.1 kriging 0 0 1 1 0.0000 26.627 0.0000 0.0000 0.0000 0.0000 0.0000 0.0000 0.0000 0.0000 0.0000 0.0000 0.0000 0.0077 1.7484 nan
COCOfunction12-dim1-seed1-disth1-height0.25-radius0.025-freq10-amp0.5 kriging 0 0 1 1 1.0000 0.0000 0.6610 0.6610 0.6610 0.6610 0.6610 0.6610 0.6610 0.6610 0.6610 0.6610 0.6610 0.4736 0.7165 nan
COCOfunction12-dim1-seed1-disth2-height0.25-radius0.025-freq10-amp0.5 kriging 0 0 1 1 0.0066 127.44 0.0000 0.0000 0.0000 0.0000 0.0000 0.0000 0.0000 0.0000 0.0000 0.0000 0.0000 0.0264 1.5020 nan
COCOfunction12-dim1-seed1-disth1-height0.25-radius0.025-freq100-amp0.5 kriging 0 0 1 1 1.0000 0.0000 0.6610 0.6610 0.6610 0.6610 0.6610 0.6610 0.6610 0.6610 0.6610 0.6610 0.6610 0.4736 0.7165 nan
COCOfunction12-dim1-seed1-disth2-height0.25-radius0.025-freq100-amp0.5 kriging 0 0 1 1 0.0000 133.13 0.0000 0.0000 0.0000 0.0000 0.0000 0.0000 0.0000 0.0000 0.0000 0.0000 0.0000 0.0077 1.7337 nan
COCOfunction12-dim1-seed1-disth1-height0.25-radius0.025-freq10-amp1 kriging 0 0 1 1 1.0000 0.0000 0.6610 0.6610 0.6610 0.6610 0.6610 0.6610 0.6610 0.6610 0.6610 0.6610 0.6610 0.4736 0.7165 nan
COCOfunction12-dim1-seed1-disth2-height0.25-radius0.025-freq10-amp1 kriging 0 0 1 1 0.0064 254.88 0.0000 0.0000 0.0000 0.0000 0.0000 0.0000 0.0000 0.0000 0.0000 0.0000 0.0000 0.0264 1.5008 nan
COCOfunction12-dim1-seed1-disth1-height0.25-radius0.025-freq100-amp1 kriging 0 0 1 1 1.0000 0.0000 0.6610 0.6610 0.6610 0.6610 0.6610 0.6610 0.6610 0.6610 0.6610 0.6610 0.6610 0.4736 0.7165 nan
COCOfunction12-dim1-seed1-disth2-height0.25-radius0.025-freq100-amp1 kriging 0 0 1 1 0.0001 266.27 0.0000 0.0000 0.0000 0.0000 0.0000 0.0000 0.0000 0.0000 0.0000 0.0000 0.0000 0.0077 1.7316 nan
COCOfunction12-dim1-seed1-disth1-height0.25-radius0.025-freq10-amp1.5 kriging 0 0 1 1 1.0000 0.0000 0.6610 0.6610 0.6610 0.6610 0.6610 0.6610 0.6610 0.6610 0.6610 0.6610 0.6610 0.4736 0.7165 nan
COCOfunction12-dim1-seed1-disth2-height0.25-radius0.025-freq10-amp1.5 kriging 0 0 1 1 0.0064 382.33 0.0000 0.0000 0.0000 0.0000 0.0000 0.0000 0.0000 0.0000 0.0000 0.0000 0.0000 0.0263 1.5004 nan
COCOfunction12-dim1-seed1-disth1-height0.25-radius0.025-freq100-amp1.5 kriging 0 0 1 1 1.0000 0.0000 0.6610 0.6610 0.6610 0.6610 0.6610 0.6610 0.6610 0.6610 0.6610 0.6610 0.6610 0.4736 0.7165 nan
COCOfunction12-dim1-seed1-disth2-height0.25-radius0.025-freq100-amp1.5 kriging 0 0 1 1 0.0001 399.41 0.0000 0.0000 0.0000 0.0000 0.0000 0.0000 0.0000 0.0000 0.0000 0.0000 0.0000 0.0077 1.7309 nan
COCOfunction12-dim1-seed1-disth1-height0.25-radius0.025-freq10-amp2 kriging 0 0 1 1 1.0000 0.0000 0.6610 0.6610 0.6610 0.6610 0.6610 0.6610 0.6610 0.6610 0.6610 0.6610 0.6610 0.4736 0.7165 nan
COCOfunction12-dim1-seed1-disth2-height0.25-radius0.025-freq10-amp2 kriging 0 0 1 1 0.0063 509.77 0.0000 0.0000 0.0000 0.0000 0.0000 0.0000 0.0000 0.0000 0.0000 0.0000 0.0000 0.0263 1.5002 nan
COCOfunction12-dim1-seed1-disth1-height0.25-radius0.025-freq100-amp2 kriging 0 0 1 1 1.0000 0.0000 0.6610 0.6610 0.6610 0.6610 0.6610 0.6610 0.6610 0.6610 0.6610 0.6610 0.6610 0.4736 0.7165 nan
COCOfunction12-dim1-seed1-disth2-height0.25-radius0.025-freq100-amp2 kriging 0 0 1 1 0.0001 532.54 0.0000 0.0000 0.0000 0.0000 0.0000 0.0000 0.0000 0.0000 0.0000 0.0000 0.0000 0.0077 1.7306 nan
COCOfunction12-dim1-seed1-disth1-height0.25-radius0.05-freq10-amp0.1 kriging 0 0 1 1 1.0000 0.0000 0.6610 0.6610 0.6610 0.6610 0.6610 0.6610 0.6610 0.6610 0.6610 0.6610 0.6610 0.4736 0.7165 nan
COCOfunction12-dim1-seed1-disth2-height0.25-radius0.05-freq10-amp0.1 kriging 0 0 1 1 0.0083 25.256 0.0000 0.0000 0.0000 0.0000 0.0000 0.0000 0.0000 0.0000 0.0000 0.0000 0.0000 0.0270 1.5114 nan
COCOfunction12-dim1-seed1-disth1-height0.25-radius0.05-freq100-amp0.1 kriging 0 0 1 1 1.0000 0.0000 0.6610 0.6610 0.6610 0.6610 0.6610 0.6610 0.6610 0.6610 0.6610 0.6610 0.6610 0.4736 0.7165 nan
COCOfunction12-dim1-seed1-disth2-height0.25-radius0.05-freq100-amp0.1 kriging 0 0 1 1 0.0000 26.384 0.0000 0.0000 0.0000 0.0000 0.0000 0.0000 0.0000 0.0000 0.0000 0.0000 0.0000 0.0077 1.7486 nan
COCOfunction12-dim1-seed1-disth1-height0.25-radius0.05-freq10-amp0.5 kriging 0 0 1 1 1.0000 0.0000 0.6610 0.6610 0.6610 0.6610 0.6610 0.6610 0.6610 0.6610 0.6610 0.6610 0.6610 0.4736 0.7165 nan
COCOfunction12-dim1-seed1-disth2-height0.25-radius0.05-freq10-amp0.5 kriging 0 0 1 1 0.0066 126.28 0.0000 0.0000 0.0000 0.0000 0.0000 0.0000 0.0000 0.0000 0.0000 0.0000 0.0000 0.0264 1.5020 nan
COCOfunction12-dim1-seed1-disth1-height0.25-radius0.05-freq100-amp0.5 kriging 0 0 1 1 1.0000 0.0000 0.6610 0.6610 0.6610 0.6610 0.6610 0.6610 0.6610 0.6610 0.6610 0.6610 0.6610 0.4736 0.7165 nan
COCOfunction12-dim1-seed1-disth2-height0.25-radius0.05-freq100-amp0.5 kriging 0 0 1 1 0.0000 131.92 0.0000 0.0000 0.0000 0.0000 0.0000 0.0000 0.0000 0.0000 0.0000 0.0000 0.0000 0.0077 1.7337 nan
COCOfunction12-dim1-seed1-disth1-height0.25-radius0.05-freq10-amp1 kriging 0 0 1 1 1.0000 0.0000 0.6610 0.6610 0.6610 0.6610 0.6610 0.6610 0.6610 0.6610 0.6610 0.6610 0.6610 0.4736 0.7165 nan
COCOfunction12-dim1-seed1-disth2-height0.25-radius0.05-freq10-amp1 kriging 0 0 1 1 0.0064 252.56 0.0000 0.0000 0.0000 0.0000 0.0000 0.0000 0.0000 0.0000 0.0000 0.0000 0.0000 0.0264 1.5008 nan
COCOfunction12-dim1-seed1-disth1-height0.25-radius0.05-freq100-amp1 kriging 0 0 1 1 1.0000 0.0000 0.6610 0.6610 0.6610 0.6610 0.6610 0.6610 0.6610 0.6610 0.6610 0.6610 0.6610 0.4736 0.7165 nan
COCOfunction12-dim1-seed1-disth2-height0.25-radius0.05-freq100-amp1 kriging 0 0 1 1 0.0001 263.84 0.0000 0.0000 0.0000 0.0000 0.0000 0.0000 0.0000 0.0000 0.0000 0.0000 0.0000 0.0077 1.7316 nan
COCOfunction12-dim1-seed1-disth1-height0.25-radius0.05-freq10-amp1.5 kriging 0 0 1 1 1.0000 0.0000 0.6610 0.6610 0.6610 0.6610 0.6610 0.6610 0.6610 0.6610 0.6610 0.6610 0.6610 0.4736 0.7165 nan
COCOfunction12-dim1-seed1-disth2-height0.25-radius0.05-freq10-amp1.5 kriging 0 0 1 1 0.0064 378.84 0.0000 0.0000 0.0000 0.0000 0.0000 0.0000 0.0000 0.0000 0.0000 0.0000 0.0000 0.0263 1.5004 nan
COCOfunction12-dim1-seed1-disth1-height0.25-radius0.05-freq100-amp1.5 kriging 0 0 1 1 1.0000 0.0000 0.6610 0.6610 0.6610 0.6610 0.6610 0.6610 0.6610 0.6610 0.6610 0.6610 0.6610 0.4736 0.7165 nan
COCOfunction12-dim1-seed1-disth2-height0.25-radius0.05-freq100-amp1.5 kriging 0 0 1 1 0.0001 395.76 0.0000 0.0000 0.0000 0.0000 0.0000 0.0000 0.0000 0.0000 0.0000 0.0000 0.0000 0.0077 1.7309 nan
COCOfunction12-dim1-seed1-disth1-height0.25-radius0.05-freq10-amp2 kriging 0 0 1 1 1.0000 0.0000 0.6610 0.6610 0.6610 0.6610 0.6610 0.6610 0.6610 0.6610 0.6610 0.6610 0.6610 0.4736 0.7165 nan
COCOfunction12-dim1-seed1-disth2-height0.25-radius0.05-freq10-amp2 kriging 0 0 1 1 0.0063 505.12 0.0000 0.0000 0.0000 0.0000 0.0000 0.0000 0.0000 0.0000 0.0000 0.0000 0.0000 0.0263 1.5002 nan
COCOfunction12-dim1-seed1-disth1-height0.25-radius0.05-freq100-amp2 kriging 0 0 1 1 1.0000 0.0000 0.6610 0.6610 0.6610 0.6610 0.6610 0.6610 0.6610 0.6610 0.6610 0.6610 0.6610 0.4736 0.7165 nan
COCOfunction12-dim1-seed1-disth2-height0.25-radius0.05-freq100-amp2 kriging 0 0 1 1 0.0001 527.68 0.0000 0.0000 0.0000 0.0000 0.0000 0.0000 0.0000 0.0000 0.0000 0.0000 0.0000 0.0077 1.7306 nan
COCOfunction12-dim1-seed1-disth1-height0.25-radius0.1-freq10-amp0.1 kriging 0 0 1 1 1.0000 0.0000 0.6610 0.6610 0.6610 0.6610 0.6610 0.6610 0.6610 0.6610 0.6610 0.6610 0.6610 0.4736 0.7165 nan
COCOfunction12-dim1-seed1-disth2-height0.25-radius0.1-freq10-amp0.1 kriging 0 0 1 1 0.0083 24.752 0.0000 0.0000 0.0000 0.0000 0.0000 0.0000 0.0000 0.0000 0.0000 0.0000 0.0000 0.0270 1.5116 nan
COCOfunction12-dim1-seed1-disth1-height0.25-radius0.1-freq100-amp0.1 kriging 0 0 1 1 1.0000 0.0000 0.6610 0.6610 0.6610 0.6610 0.6610 0.6610 0.6610 0.6610 0.6610 0.6610 0.6610 0.4736 0.7165 nan
COCOfunction12-dim1-seed1-disth2-height0.25-radius0.1-freq100-amp0.1 kriging 0 0 1 1 0.0000 25.858 0.0000 0.0000 0.0000 0.0000 0.0000 0.0000 0.0000 0.0000 0.0000 0.0000 0.0000 0.0077 1.7489 nan
COCOfunction12-dim1-seed1-disth1-height0.25-radius0.1-freq10-amp0.5 kriging 0 0 1 1 1.0000 0.0000 0.6610 0.6610 0.6610 0.6610 0.6610 0.6610 0.6610 0.6610 0.6610 0.6610 0.6610 0.4736 0.7165 nan
COCOfunction12-dim1-seed1-disth2-height0.25-radius0.1-freq10-amp0.5 kriging 0 0 1 1 0.0066 123.76 0.0000 0.0000 0.0000 0.0000 0.0000 0.0000 0.0000 0.0000 0.0000 0.0000 0.0000 0.0264 1.5020 nan
COCOfunction12-dim1-seed1-disth1-height0.25-radius0.1-freq100-amp0.5 kriging 0 0 1 1 1.0000 0.0000 0.6610 0.6610 0.6610 0.6610 0.6610 0.6610 0.6610 0.6610 0.6610 0.6610 0.6610 0.4736 0.7165 nan
COCOfunction12-dim1-seed1-disth2-height0.25-radius0.1-freq100-amp0.5 kriging 0 0 1 1 0.0000 129.29 0.0000 0.0000 0.0000 0.0000 0.0000 0.0000 0.0000 0.0000 0.0000 0.0000 0.0000 0.0077 1.7338 nan
COCOfunction12-dim1-seed1-disth1-height0.25-radius0.1-freq10-amp1 kriging 0 0 1 1 1.0000 0.0000 0.6610 0.6610 0.6610 0.6610 0.6610 0.6610 0.6610 0.6610 0.6610 0.6610 0.6610 0.4736 0.7165 nan
COCOfunction12-dim1-seed1-disth2-height0.25-radius0.1-freq10-amp1 kriging 0 0 1 1 0.0064 247.52 0.0000 0.0000 0.0000 0.0000 0.0000 0.0000 0.0000 0.0000 0.0000 0.0000 0.0000 0.0264 1.5008 nan
COCOfunction12-dim1-seed1-disth1-height0.25-radius0.1-freq100-amp1 kriging 0 0 1 1 1.0000 0.0000 0.6610 0.6610 0.6610 0.6610 0.6610 0.6610 0.6610 0.6610 0.6610 0.6610 0.6610 0.4736 0.7165 nan
COCOfunction12-dim1-seed1-disth2-height0.25-radius0.1-freq100-amp1 kriging 0 0 1 1 0.0001 258.58 0.0000 0.0000 0.0000 0.0000 0.0000 0.0000 0.0000 0.0000 0.0000 0.0000 0.0000 0.0077 1.7317 nan
COCOfunction12-dim1-seed1-disth1-height0.25-radius0.1-freq10-amp1.5 kriging 0 0 1 1 1.0000 0.0000 0.6610 0.6610 0.6610 0.6610 0.6610 0.6610 0.6610 0.6610 0.6610 0.6610 0.6610 0.4736 0.7165 nan
COCOfunction12-dim1-seed1-disth2-height0.25-radius0.1-freq10-amp1.5 kriging 0 0 1 1 0.0064 371.28 0.0000 0.0000 0.0000 0.0000 0.0000 0.0000 0.0000 0.0000 0.0000 0.0000 0.0000 0.0263 1.5004 nan
COCOfunction12-dim1-seed1-disth1-height0.25-radius0.1-freq100-amp1.5 kriging 0 0 1 1 1.0000 0.0000 0.6610 0.6610 0.6610 0.6610 0.6610 0.6610 0.6610 0.6610 0.6610 0.6610 0.6610 0.4736 0.7165 nan
COCOfunction12-dim1-seed1-disth2-height0.25-radius0.1-freq100-amp1.5 kriging 0 0 1 1 0.0001 387.87 0.0000 0.0000 0.0000 0.0000 0.0000 0.0000 0.0000 0.0000 0.0000 0.0000 0.0000 0.0077 1.7310 nan
COCOfunction12-dim1-seed1-disth1-height0.25-radius0.1-freq10-amp2 kriging 0 0 1 1 1.0000 0.0000 0.6610 0.6610 0.6610 0.6610 0.6610 0.6610 0.6610 0.6610 0.6610 0.6610 0.6610 0.4736 0.7165 nan
COCOfunction12-dim1-seed1-disth2-height0.25-radius0.1-freq10-amp2 kriging 0 0 1 1 0.0063 495.04 0.0000 0.0000 0.0000 0.0000 0.0000 0.0000 0.0000 0.0000 0.0000 0.0000 0.0000 0.0263 1.5002 nan
COCOfunction12-dim1-seed1-disth1-height0.25-radius0.1-freq100-amp2 kriging 0 0 1 1 1.0000 0.0000 0.6610 0.6610 0.6610 0.6610 0.6610 0.6610 0.6610 0.6610 0.6610 0.6610 0.6610 0.4736 0.7165 nan
COCOfunction12-dim1-seed1-disth2-height0.25-radius0.1-freq100-amp2 kriging 0 0 1 1 0.0001 517.16 0.0000 0.0000 0.0000 0.0000 0.0000 0.0000 0.0000 0.0000 0.0000 0.0000 0.0000 0.0077 1.7306 nan
COCOfunction12-dim1-seed1-disth1-height0.25-radius0.15-freq10-amp0.1 kriging 0 0 1 1 1.0000 0.0000 0.6610 0.6610 0.6610 0.6610 0.6610 0.6610 0.6610 0.6610 0.6610 0.6610 0.6610 0.4736 0.7165 nan
COCOfunction12-dim1-seed1-disth2-height0.25-radius0.15-freq10-amp0.1 kriging 0 0 1 1 0.0084 24.189 0.0000 0.0000 0.0000 0.0000 0.0000 0.0000 0.0000 0.0000 0.0000 0.0000 0.0000 0.0270 1.5119 nan
COCOfunction12-dim1-seed1-disth1-height0.25-radius0.15-freq100-amp0.1 kriging 0 0 1 1 1.0000 0.0000 0.6610 0.6610 0.6610 0.6610 0.6610 0.6610 0.6610 0.6610 0.6610 0.6610 0.6610 0.4736 0.7165 nan
COCOfunction12-dim1-seed1-disth2-height0.25-radius0.15-freq100-amp0.1 kriging 0 0 1 1 0.0000 25.269 0.0000 0.0000 0.0000 0.0000 0.0000 0.0000 0.0000 0.0000 0.0000 0.0000 0.0000 0.0077 1.7493 nan
COCOfunction12-dim1-seed1-disth1-height0.25-radius0.15-freq10-amp0.5 kriging 0 0 1 1 1.0000 0.0000 0.6610 0.6610 0.6610 0.6610 0.6610 0.6610 0.6610 0.6610 0.6610 0.6610 0.6610 0.4736 0.7165 nan
COCOfunction12-dim1-seed1-disth2-height0.25-radius0.15-freq10-amp0.5 kriging 0 0 1 1 0.0066 120.94 0.0000 0.0000 0.0000 0.0000 0.0000 0.0000 0.0000 0.0000 0.0000 0.0000 0.0000 0.0264 1.5021 nan
COCOfunction12-dim1-seed1-disth1-height0.25-radius0.15-freq100-amp0.5 kriging 0 0 1 1 1.0000 0.0000 0.6610 0.6610 0.6610 0.6610 0.6610 0.6610 0.6610 0.6610 0.6610 0.6610 0.6610 0.4736 0.7165 nan
COCOfunction12-dim1-seed1-disth2-height0.25-radius0.15-freq100-amp0.5 kriging 0 0 1 1 0.0000 126.34 0.0000 0.0000 0.0000 0.0000 0.0000 0.0000 0.0000 0.0000 0.0000 0.0000 0.0000 0.0077 1.7339 nan
COCOfunction12-dim1-seed1-disth1-height0.25-radius0.15-freq10-amp1 kriging 0 0 1 1 1.0000 0.0000 0.6610 0.6610 0.6610 0.6610 0.6610 0.6610 0.6610 0.6610 0.6610 0.6610 0.6610 0.4736 0.7165 nan
COCOfunction12-dim1-seed1-disth2-height0.25-radius0.15-freq10-amp1 kriging 0 0 1 1 0.0064 241.89 0.0000 0.0000 0.0000 0.0000 0.0000 0.0000 0.0000 0.0000 0.0000 0.0000 0.0000 0.0264 1.5008 nan
COCOfunction12-dim1-seed1-disth1-height0.25-radius0.15-freq100-amp1 kriging 0 0 1 1 1.0000 0.0000 0.6610 0.6610 0.6610 0.6610 0.6610 0.6610 0.6610 0.6610 0.6610 0.6610 0.6610 0.4736 0.7165 nan
COCOfunction12-dim1-seed1-disth2-height0.25-radius0.15-freq100-amp1 kriging 0 0 1 1 0.0001 252.69 0.0000 0.0000 0.0000 0.0000 0.0000 0.0000 0.0000 0.0000 0.0000 0.0000 0.0000 0.0077 1.7317 nan
COCOfunction12-dim1-seed1-disth1-height0.25-radius0.15-freq10-amp1.5 kriging 0 0 1 1 1.0000 0.0000 0.6610 0.6610 0.6610 0.6610 0.6610 0.6610 0.6610 0.6610 0.6610 0.6610 0.6610 0.4736 0.7165 nan
COCOfunction12-dim1-seed1-disth2-height0.25-radius0.15-freq10-amp1.5 kriging 0 0 1 1 0.0064 362.83 0.0000 0.0000 0.0000 0.0000 0.0000 0.0000 0.0000 0.0000 0.0000 0.0000 0.0000 0.0263 1.5004 nan
COCOfunction12-dim1-seed1-disth1-height0.25-radius0.15-freq100-amp1.5 kriging 0 0 1 1 1.0000 0.0000 0.6610 0.6610 0.6610 0.6610 0.6610 0.6610 0.6610 0.6610 0.6610 0.6610 0.6610 0.4736 0.7165 nan
COCOfunction12-dim1-seed1-disth2-height0.25-radius0.15-freq100-amp1.5 kriging 0 0 1 1 0.0001 379.04 0.0000 0.0000 0.0000 0.0000 0.0000 0.0000 0.0000 0.0000 0.0000 0.0000 0.0000 0.0077 1.7310 nan
COCOfunction12-dim1-seed1-disth1-height0.25-radius0.15-freq10-amp2 kriging 0 0 1 1 1.0000 0.0000 0.6610 0.6610 0.6610 0.6610 0.6610 0.6610 0.6610 0.6610 0.6610 0.6610 0.6610 0.4736 0.7165 nan
COCOfunction12-dim1-seed1-disth2-height0.25-radius0.15-freq10-amp2 kriging 0 0 1 1 0.0063 483.78 0.0000 0.0000 0.0000 0.0000 0.0000 0.0000 0.0000 0.0000 0.0000 0.0000 0.0000 0.0263 1.5002 nan
COCOfunction12-dim1-seed1-disth1-height0.25-radius0.15-freq100-amp2 kriging 0 0 1 1 1.0000 0.0000 0.6610 0.6610 0.6610 0.6610 0.6610 0.6610 0.6610 0.6610 0.6610 0.6610 0.6610 0.4736 0.7165 nan
COCOfunction12-dim1-seed1-disth2-height0.25-radius0.15-freq100-amp2 kriging 0 0 1 1 0.0001 505.39 0.0000 0.0000 0.0000 0.0000 0.0000 0.0000 0.0000 0.0000 0.0000 0.0000 0.0000 0.0077 1.7307 nan
