instance technique highFiBudget lowFiBudget seed dimension CC RRMSE LCC_0.1 LCC_0.2 LCC_0.3 LCC_0.4 LCC_0.5 LCC_0.6 LCC_0.7 LCC_0.8 LCC_0.9 LCC_0.95 LCC_0.975 LCC_sd LCC_coeff performance
COCOfunction9-dim5-seed1-disth1-height0.75-radius0.1-freq10-amp0.1 kriging 0 0 1 5 1.0000 0.0000 1.0000 1.0000 1.0000 1.0000 1.0000 1.0000 1.0000 1.0000 1.0000 1.0000 1.0000 0.0000 0.0000 nan
COCOfunction9-dim5-seed1-disth2-height0.75-radius0.1-freq10-amp0.1 kriging 0 0 1 5 0.7785 0.0561 0.9494 0.8800 0.8016 0.7136 0.6000 0.4500 0.2764 0.1194 0.0228 0.0068 0.0004 0.2345 0.4420 nan
COCOfunction9-dim5-seed1-disth1-height0.75-radius0.1-freq100-amp0.1 kriging 0 0 1 5 1.0000 0.0000 1.0000 1.0000 1.0000 1.0000 1.0000 1.0000 1.0000 1.0000 1.0000 1.0000 1.0000 0.0000 0.0000 nan
COCOfunction9-dim5-seed1-disth2-height0.75-radius0.1-freq100-amp0.1 kriging 0 0 1 5 0.6863 0.0605 0.9144 0.7972 0.6674 0.5162 0.3676 0.2308 0.1236 0.0544 0.0116 0.0026 0.0000 0.2256 0.5400 nan
COCOfunction9-dim5-seed1-disth1-height0.75-radius0.1-freq10-amp0.5 kriging 0 0 1 5 1.0000 0.0000 1.0000 1.0000 1.0000 1.0000 1.0000 1.0000 1.0000 1.0000 1.0000 1.0000 1.0000 0.0000 0.0000 nan
COCOfunction9-dim5-seed1-disth2-height0.75-radius0.1-freq10-amp0.5 kriging 0 0 1 5 0.1690 0.2807 0.3816 0.1984 0.0940 0.0328 0.0100 0.0026 0.0002 0.0000 0.0000 0.0000 0.0000 0.1212 1.1207 nan
COCOfunction9-dim5-seed1-disth1-height0.75-radius0.1-freq100-amp0.5 kriging 0 0 1 5 1.0000 0.0000 1.0000 1.0000 1.0000 1.0000 1.0000 1.0000 1.0000 1.0000 1.0000 1.0000 1.0000 0.0000 0.0000 nan
COCOfunction9-dim5-seed1-disth2-height0.75-radius0.1-freq100-amp0.5 kriging 0 0 1 5 0.0644 0.3027 0.1140 0.0256 0.0062 0.0036 0.0006 0.0000 0.0000 0.0000 0.0000 0.0000 0.0000 0.0578 1.4280 nan
COCOfunction9-dim5-seed1-disth1-height0.75-radius0.1-freq10-amp1 kriging 0 0 1 5 1.0000 0.0000 1.0000 1.0000 1.0000 1.0000 1.0000 1.0000 1.0000 1.0000 1.0000 1.0000 1.0000 0.0000 0.0000 nan
COCOfunction9-dim5-seed1-disth2-height0.75-radius0.1-freq10-amp1 kriging 0 0 1 5 0.0693 0.5615 0.2156 0.0978 0.0296 0.0054 0.0000 0.0000 0.0000 0.0000 0.0000 0.0000 0.0000 0.0875 1.4323 nan
COCOfunction9-dim5-seed1-disth1-height0.75-radius0.1-freq100-amp1 kriging 0 0 1 5 1.0000 0.0000 1.0000 1.0000 1.0000 1.0000 1.0000 1.0000 1.0000 1.0000 1.0000 1.0000 1.0000 0.0000 0.0000 nan
COCOfunction9-dim5-seed1-disth2-height0.75-radius0.1-freq100-amp1 kriging 0 0 1 5 0.0120 0.6054 0.0162 0.0018 0.0000 0.0000 0.0000 0.0000 0.0000 0.0000 0.0000 0.0000 0.0000 0.0240 1.6703 nan
COCOfunction9-dim5-seed1-disth1-height0.75-radius0.1-freq10-amp1.5 kriging 0 0 1 5 1.0000 0.0000 1.0000 1.0000 1.0000 1.0000 1.0000 1.0000 1.0000 1.0000 1.0000 1.0000 1.0000 0.0000 0.0000 nan
COCOfunction9-dim5-seed1-disth2-height0.75-radius0.1-freq10-amp1.5 kriging 0 0 1 5 0.0436 0.8422 0.1768 0.0728 0.0150 0.0020 0.0000 0.0000 0.0000 0.0000 0.0000 0.0000 0.0000 0.0767 1.5455 nan
COCOfunction9-dim5-seed1-disth1-height0.75-radius0.1-freq100-amp1.5 kriging 0 0 1 5 1.0000 0.0000 1.0000 1.0000 1.0000 1.0000 1.0000 1.0000 1.0000 1.0000 1.0000 1.0000 1.0000 0.0000 0.0000 nan
COCOfunction9-dim5-seed1-disth2-height0.75-radius0.1-freq100-amp1.5 kriging 0 0 1 5 0.0035 0.9082 0.0052 0.0002 0.0000 0.0000 0.0000 0.0000 0.0000 0.0000 0.0000 0.0000 0.0000 0.0168 1.6695 nan
COCOfunction9-dim5-seed1-disth1-height0.75-radius0.1-freq10-amp2 kriging 0 0 1 5 1.0000 0.0000 1.0000 1.0000 1.0000 1.0000 1.0000 1.0000 1.0000 1.0000 1.0000 1.0000 1.0000 0.0000 0.0000 nan
COCOfunction9-dim5-seed1-disth2-height0.75-radius0.1-freq10-amp2 kriging 0 0 1 5 0.0327 1.1230 0.1590 0.0622 0.0110 0.0010 0.0000 0.0000 0.0000 0.0000 0.0000 0.0000 0.0000 0.0716 1.5946 nan
COCOfunction9-dim5-seed1-disth1-height0.75-radius0.1-freq100-amp2 kriging 0 0 1 5 1.0000 0.0000 1.0000 1.0000 1.0000 1.0000 1.0000 1.0000 1.0000 1.0000 1.0000 1.0000 1.0000 0.0000 0.0000 nan
COCOfunction9-dim5-seed1-disth2-height0.75-radius0.1-freq100-amp2 kriging 0 0 1 5 0.0011 1.2109 0.0028 0.0002 0.0000 0.0000 0.0000 0.0000 0.0000 0.0000 0.0000 0.0000 0.0000 0.0146 1.6421 nan
COCOfunction9-dim5-seed1-disth1-height0.75-radius0.15-freq10-amp0.1 kriging 0 0 1 5 1.0000 0.0000 1.0000 1.0000 1.0000 1.0000 1.0000 1.0000 1.0000 1.0000 1.0000 1.0000 1.0000 0.0000 0.0000 nan
COCOfunction9-dim5-seed1-disth2-height0.75-radius0.15-freq10-amp0.1 kriging 0 0 1 5 0.7885 0.0545 0.9520 0.8862 0.8094 0.7250 0.6200 0.4702 0.2946 0.1332 0.0254 0.0076 0.0006 0.2351 0.4340 nan
COCOfunction9-dim5-seed1-disth1-height0.75-radius0.15-freq100-amp0.1 kriging 0 0 1 5 1.0000 0.0000 1.0000 1.0000 1.0000 1.0000 1.0000 1.0000 1.0000 1.0000 1.0000 1.0000 1.0000 0.0000 0.0000 nan
COCOfunction9-dim5-seed1-disth2-height0.75-radius0.15-freq100-amp0.1 kriging 0 0 1 5 0.6986 0.0588 0.9196 0.8090 0.6830 0.5374 0.3886 0.2480 0.1362 0.0608 0.0136 0.0030 0.0000 0.2278 0.5307 nan
COCOfunction9-dim5-seed1-disth1-height0.75-radius0.15-freq10-amp0.5 kriging 0 0 1 5 1.0000 0.0000 1.0000 1.0000 1.0000 1.0000 1.0000 1.0000 1.0000 1.0000 1.0000 1.0000 1.0000 0.0000 0.0000 nan
COCOfunction9-dim5-seed1-disth2-height0.75-radius0.15-freq10-amp0.5 kriging 0 0 1 5 0.1774 0.2726 0.3980 0.2096 0.0990 0.0352 0.0110 0.0034 0.0002 0.0000 0.0000 0.0000 0.0000 0.1239 1.1016 nan
COCOfunction9-dim5-seed1-disth1-height0.75-radius0.15-freq100-amp0.5 kriging 0 0 1 5 1.0000 0.0000 1.0000 1.0000 1.0000 1.0000 1.0000 1.0000 1.0000 1.0000 1.0000 1.0000 1.0000 0.0000 0.0000 nan
COCOfunction9-dim5-seed1-disth2-height0.75-radius0.15-freq100-amp0.5 kriging 0 0 1 5 0.0681 0.2941 0.1214 0.0284 0.0074 0.0038 0.0008 0.0000 0.0000 0.0000 0.0000 0.0000 0.0000 0.0604 1.4190 nan
COCOfunction9-dim5-seed1-disth1-height0.75-radius0.15-freq10-amp1 kriging 0 0 1 5 1.0000 0.0000 1.0000 1.0000 1.0000 1.0000 1.0000 1.0000 1.0000 1.0000 1.0000 1.0000 1.0000 0.0000 0.0000 nan
COCOfunction9-dim5-seed1-disth2-height0.75-radius0.15-freq10-amp1 kriging 0 0 1 5 0.0732 0.5453 0.2218 0.1012 0.0312 0.0056 0.0004 0.0000 0.0000 0.0000 0.0000 0.0000 0.0000 0.0888 1.4139 nan
COCOfunction9-dim5-seed1-disth1-height0.75-radius0.15-freq100-amp1 kriging 0 0 1 5 1.0000 0.0000 1.0000 1.0000 1.0000 1.0000 1.0000 1.0000 1.0000 1.0000 1.0000 1.0000 1.0000 0.0000 0.0000 nan
COCOfunction9-dim5-seed1-disth2-height0.75-radius0.15-freq100-amp1 kriging 0 0 1 5 0.0128 0.5882 0.0164 0.0018 0.0000 0.0000 0.0000 0.0000 0.0000 0.0000 0.0000 0.0000 0.0000 0.0245 1.6607 nan
COCOfunction9-dim5-seed1-disth1-height0.75-radius0.15-freq10-amp1.5 kriging 0 0 1 5 1.0000 0.0000 1.0000 1.0000 1.0000 1.0000 1.0000 1.0000 1.0000 1.0000 1.0000 1.0000 1.0000 0.0000 0.0000 nan
COCOfunction9-dim5-seed1-disth2-height0.75-radius0.15-freq10-amp1.5 kriging 0 0 1 5 0.0462 0.8180 0.1800 0.0760 0.0158 0.0020 0.0000 0.0000 0.0000 0.0000 0.0000 0.0000 0.0000 0.0775 1.5315 nan
COCOfunction9-dim5-seed1-disth1-height0.75-radius0.15-freq100-amp1.5 kriging 0 0 1 5 1.0000 0.0000 1.0000 1.0000 1.0000 1.0000 1.0000 1.0000 1.0000 1.0000 1.0000 1.0000 1.0000 0.0000 0.0000 nan
COCOfunction9-dim5-seed1-disth2-height0.75-radius0.15-freq100-amp1.5 kriging 0 0 1 5 0.0037 0.8824 0.0050 0.0002 0.0000 0.0000 0.0000 0.0000 0.0000 0.0000 0.0000 0.0000 0.0000 0.0169 1.6619 nan
COCOfunction9-dim5-seed1-disth1-height0.75-radius0.15-freq10-amp2 kriging 0 0 1 5 1.0000 0.0000 1.0000 1.0000 1.0000 1.0000 1.0000 1.0000 1.0000 1.0000 1.0000 1.0000 1.0000 0.0000 0.0000 nan
COCOfunction9-dim5-seed1-disth2-height0.75-radius0.15-freq10-amp2 kriging 0 0 1 5 0.0346 1.0907 0.1636 0.0642 0.0116 0.0010 0.0000 0.0000 0.0000 0.0000 0.0000 0.0000 0.0000 0.0722 1.5840 nan
COCOfunction9-dim5-seed1-disth1-height0.75-radius0.15-freq100-amp2 kriging 0 0 1 5 1.0000 0.0000 1.0000 1.0000 1.0000 1.0000 1.0000 1.0000 1.0000 1.0000 1.0000 1.0000 1.0000 0.0000 0.0000 nan
COCOfunction9-dim5-seed1-disth2-height0.75-radius0.15-freq100-amp2 kriging 0 0 1 5 0.0012 1.1765 0.0026 0.0002 0.0000 0.0000 0.0000 0.0000 0.0000 0.0000 0.0000 0.0000 0.0000 0.0145 1.6378 nan
COCOfunction9-dim5-seed1-disth1-height0.75-radius0.2-freq10-amp0.1 kriging 0 0 1 5 1.0000 0.0000 1.0000 1.0000 1.0000 1.0000 1.0000 1.0000 1.0000 1.0000 1.0000 1.0000 1.0000 0.0000 0.0000 nan
COCOfunction9-dim5-seed1-disth2-height0.75-radius0.2-freq10-amp0.1 kriging 0 0 1 5 0.7997 0.0527 0.9562 0.8932 0.8204 0.7392 0.6422 0.4968 0.3218 0.1510 0.0292 0.0086 0.0014 0.2357 0.4250 nan
COCOfunction9-dim5-seed1-disth1-height0.75-radius0.2-freq100-amp0.1 kriging 0 0 1 5 1.0000 0.0000 1.0000 1.0000 1.0000 1.0000 1.0000 1.0000 1.0000 1.0000 1.0000 1.0000 1.0000 0.0000 0.0000 nan
COCOfunction9-dim5-seed1-disth2-height0.75-radius0.2-freq100-amp0.1 kriging 0 0 1 5 0.7126 0.0568 0.9262 0.8210 0.7016 0.5582 0.4126 0.2720 0.1528 0.0678 0.0154 0.0038 0.0002 0.2301 0.5202 nan
COCOfunction9-dim5-seed1-disth1-height0.75-radius0.2-freq10-amp0.5 kriging 0 0 1 5 1.0000 0.0000 1.0000 1.0000 1.0000 1.0000 1.0000 1.0000 1.0000 1.0000 1.0000 1.0000 1.0000 0.0000 0.0000 nan
COCOfunction9-dim5-seed1-disth2-height0.75-radius0.2-freq10-amp0.5 kriging 0 0 1 5 0.1877 0.2636 0.4136 0.2218 0.1064 0.0400 0.0134 0.0044 0.0010 0.0000 0.0000 0.0000 0.0000 0.1272 1.0801 nan
COCOfunction9-dim5-seed1-disth1-height0.75-radius0.2-freq100-amp0.5 kriging 0 0 1 5 1.0000 0.0000 1.0000 1.0000 1.0000 1.0000 1.0000 1.0000 1.0000 1.0000 1.0000 1.0000 1.0000 0.0000 0.0000 nan
COCOfunction9-dim5-seed1-disth2-height0.75-radius0.2-freq100-amp0.5 kriging 0 0 1 5 0.0726 0.2844 0.1328 0.0336 0.0100 0.0046 0.0008 0.0002 0.0000 0.0000 0.0000 0.0000 0.0000 0.0635 1.4090 nan
COCOfunction9-dim5-seed1-disth1-height0.75-radius0.2-freq10-amp1 kriging 0 0 1 5 1.0000 0.0000 1.0000 1.0000 1.0000 1.0000 1.0000 1.0000 1.0000 1.0000 1.0000 1.0000 1.0000 0.0000 0.0000 nan
COCOfunction9-dim5-seed1-disth2-height0.75-radius0.2-freq10-amp1 kriging 0 0 1 5 0.0780 0.5272 0.2290 0.1050 0.0336 0.0066 0.0006 0.0000 0.0000 0.0000 0.0000 0.0000 0.0000 0.0905 1.3922 nan
COCOfunction9-dim5-seed1-disth1-height0.75-radius0.2-freq100-amp1 kriging 0 0 1 5 1.0000 0.0000 1.0000 1.0000 1.0000 1.0000 1.0000 1.0000 1.0000 1.0000 1.0000 1.0000 1.0000 0.0000 0.0000 nan
COCOfunction9-dim5-seed1-disth2-height0.75-radius0.2-freq100-amp1 kriging 0 0 1 5 0.0137 0.5689 0.0172 0.0018 0.0000 0.0000 0.0000 0.0000 0.0000 0.0000 0.0000 0.0000 0.0000 0.0252 1.6496 nan
COCOfunction9-dim5-seed1-disth1-height0.75-radius0.2-freq10-amp1.5 kriging 0 0 1 5 1.0000 0.0000 1.0000 1.0000 1.0000 1.0000 1.0000 1.0000 1.0000 1.0000 1.0000 1.0000 1.0000 0.0000 0.0000 nan
COCOfunction9-dim5-seed1-disth2-height0.75-radius0.2-freq10-amp1.5 kriging 0 0 1 5 0.0493 0.7908 0.1836 0.0782 0.0170 0.0024 0.0000 0.0000 0.0000 0.0000 0.0000 0.0000 0.0000 0.0786 1.5144 nan
COCOfunction9-dim5-seed1-disth1-height0.75-radius0.2-freq100-amp1.5 kriging 0 0 1 5 1.0000 0.0000 1.0000 1.0000 1.0000 1.0000 1.0000 1.0000 1.0000 1.0000 1.0000 1.0000 1.0000 0.0000 0.0000 nan
COCOfunction9-dim5-seed1-disth2-height0.75-radius0.2-freq100-amp1.5 kriging 0 0 1 5 0.0041 0.8534 0.0056 0.0002 0.0000 0.0000 0.0000 0.0000 0.0000 0.0000 0.0000 0.0000 0.0000 0.0169 1.6523 nan
COCOfunction9-dim5-seed1-disth1-height0.75-radius0.2-freq10-amp2 kriging 0 0 1 5 1.0000 0.0000 1.0000 1.0000 1.0000 1.0000 1.0000 1.0000 1.0000 1.0000 1.0000 1.0000 1.0000 0.0000 0.0000 nan
COCOfunction9-dim5-seed1-disth2-height0.75-radius0.2-freq10-amp2 kriging 0 0 1 5 0.0370 1.0544 0.1668 0.0656 0.0118 0.0010 0.0000 0.0000 0.0000 0.0000 0.0000 0.0000 0.0000 0.0729 1.5706 nan
COCOfunction9-dim5-seed1-disth1-height0.75-radius0.2-freq100-amp2 kriging 0 0 1 5 1.0000 0.0000 1.0000 1.0000 1.0000 1.0000 1.0000 1.0000 1.0000 1.0000 1.0000 1.0000 1.0000 0.0000 0.0000 nan
COCOfunction9-dim5-seed1-disth2-height0.75-radius0.2-freq100-amp2 kriging 0 0 1 5 0.0013 1.1379 0.0024 0.0002 0.0000 0.0000 0.0000 0.0000 0.0000 0.0000 0.0000 0.0000 0.0000 0.0145 1.6325 nan
COCOfunction9-dim5-seed1-disth1-height0.75-radius0.25-freq10-amp0.1 kriging 0 0 1 5 0.9999 0.0001 1.0000 1.0000 1.0000 1.0000 1.0000 1.0000 1.0000 1.0000 1.0000 1.0000 1.0000 0.0000 0.0000 nan
COCOfunction9-dim5-seed1-disth2-height0.75-radius0.25-freq10-amp0.1 kriging 0 0 1 5 0.8123 0.0506 0.9604 0.9000 0.8342 0.7550 0.6640 0.5238 0.3540 0.1704 0.0346 0.0106 0.0030 0.2360 0.4145 nan
COCOfunction9-dim5-seed1-disth1-height0.75-radius0.25-freq100-amp0.1 kriging 0 0 1 5 0.9999 0.0003 1.0000 1.0000 1.0000 1.0000 1.0000 1.0000 1.0000 1.0000 1.0000 1.0000 1.0000 0.0000 0.0000 nan
COCOfunction9-dim5-seed1-disth2-height0.75-radius0.25-freq100-amp0.1 kriging 0 0 1 5 0.7286 0.0547 0.9326 0.8302 0.7206 0.5854 0.4410 0.2948 0.1730 0.0790 0.0174 0.0050 0.0006 0.2326 0.5080 nan
COCOfunction9-dim5-seed1-disth1-height0.75-radius0.25-freq10-amp0.5 kriging 0 0 1 5 0.9998 0.0009 1.0000 1.0000 1.0000 1.0000 1.0000 1.0000 1.0000 1.0000 1.0000 1.0000 1.0000 0.0001 0.0001 nan
COCOfunction9-dim5-seed1-disth2-height0.75-radius0.25-freq10-amp0.5 kriging 0 0 1 5 0.2001 0.2533 0.4346 0.2382 0.1166 0.0466 0.0154 0.0056 0.0012 0.0000 0.0000 0.0000 0.0000 0.1313 1.0555 nan
COCOfunction9-dim5-seed1-disth1-height0.75-radius0.25-freq100-amp0.5 kriging 0 0 1 5 0.9996 0.0017 1.0000 1.0000 1.0000 1.0000 1.0000 1.0000 1.0000 1.0000 1.0000 1.0000 1.0000 0.0004 0.0004 nan
COCOfunction9-dim5-seed1-disth2-height0.75-radius0.25-freq100-amp0.5 kriging 0 0 1 5 0.0785 0.2735 0.1466 0.0394 0.0122 0.0056 0.0014 0.0004 0.0000 0.0000 0.0000 0.0000 0.0000 0.0677 1.4019 nan
COCOfunction9-dim5-seed1-disth1-height0.75-radius0.25-freq10-amp1 kriging 0 0 1 5 0.9995 0.0018 1.0000 1.0000 1.0000 1.0000 1.0000 1.0000 1.0000 1.0000 1.0000 1.0000 1.0000 0.0005 0.0005 nan
COCOfunction9-dim5-seed1-disth2-height0.75-radius0.25-freq10-amp1 kriging 0 0 1 5 0.0839 0.5067 0.2388 0.1110 0.0360 0.0076 0.0006 0.0000 0.0000 0.0000 0.0000 0.0000 0.0000 0.0925 1.3653 nan
COCOfunction9-dim5-seed1-disth1-height0.75-radius0.25-freq100-amp1 kriging 0 0 1 5 0.9985 0.0035 1.0000 1.0000 1.0000 1.0000 1.0000 1.0000 1.0000 1.0000 1.0000 1.0000 0.9996 0.0014 0.0014 nan
COCOfunction9-dim5-seed1-disth2-height0.75-radius0.25-freq100-amp1 kriging 0 0 1 5 0.0150 0.5471 0.0194 0.0022 0.0000 0.0000 0.0000 0.0000 0.0000 0.0000 0.0000 0.0000 0.0000 0.0263 1.6494 nan
COCOfunction9-dim5-seed1-disth1-height0.75-radius0.25-freq10-amp1.5 kriging 0 0 1 5 0.9990 0.0028 1.0000 1.0000 1.0000 1.0000 1.0000 1.0000 1.0000 1.0000 1.0000 1.0000 0.9996 0.0013 0.0013 nan
COCOfunction9-dim5-seed1-disth2-height0.75-radius0.25-freq10-amp1.5 kriging 0 0 1 5 0.0531 0.7601 0.1900 0.0808 0.0176 0.0022 0.0000 0.0000 0.0000 0.0000 0.0000 0.0000 0.0000 0.0798 1.4924 nan
COCOfunction9-dim5-seed1-disth1-height0.75-radius0.25-freq100-amp1.5 kriging 0 0 1 5 0.9967 0.0053 1.0000 1.0000 1.0000 1.0000 1.0000 1.0000 1.0000 1.0000 1.0000 0.9996 0.9958 0.0029 0.0029 nan
COCOfunction9-dim5-seed1-disth2-height0.75-radius0.25-freq100-amp1.5 kriging 0 0 1 5 0.0045 0.8207 0.0062 0.0002 0.0000 0.0000 0.0000 0.0000 0.0000 0.0000 0.0000 0.0000 0.0000 0.0172 1.6465 nan
COCOfunction9-dim5-seed1-disth1-height0.75-radius0.25-freq10-amp2 kriging 0 0 1 5 0.9983 0.0037 1.0000 1.0000 1.0000 1.0000 1.0000 1.0000 1.0000 1.0000 1.0000 0.9998 0.9974 0.0024 0.0024 nan
COCOfunction9-dim5-seed1-disth2-height0.75-radius0.25-freq10-amp2 kriging 0 0 1 5 0.0399 1.0134 0.1706 0.0676 0.0122 0.0012 0.0000 0.0000 0.0000 0.0000 0.0000 0.0000 0.0000 0.0738 1.5531 nan
COCOfunction9-dim5-seed1-disth1-height0.75-radius0.25-freq100-amp2 kriging 0 0 1 5 0.9942 0.0070 1.0000 1.0000 1.0000 1.0000 1.0000 1.0000 1.0000 1.0000 1.0000 0.9966 0.9922 0.0048 0.0048 nan
COCOfunction9-dim5-seed1-disth2-height0.75-radius0.25-freq100-amp2 kriging 0 0 1 5 0.0015 1.0943 0.0024 0.0002 0.0000 0.0000 0.0000 0.0000 0.0000 0.0000 0.0000 0.0000 0.0000 0.0144 1.6264 nan
COCOfunction9-dim5-seed1-disth1-height1-radius0.025-freq10-amp0.1 kriging 0 0 1 5 1.0000 0.0000 1.0000 1.0000 1.0000 1.0000 1.0000 1.0000 1.0000 1.0000 1.0000 1.0000 1.0000 0.0000 0.0000 nan
COCOfunction9-dim5-seed1-disth2-height1-radius0.025-freq10-amp0.1 kriging 0 0 1 5 0.6406 0.0797 0.8870 0.7694 0.6502 0.5038 0.3516 0.2128 0.0934 0.0246 0.0064 0.0002 0.0000 0.2214 0.5558 nan
COCOfunction9-dim5-seed1-disth1-height1-radius0.025-freq100-amp0.1 kriging 0 0 1 5 1.0000 0.0000 1.0000 1.0000 1.0000 1.0000 1.0000 1.0000 1.0000 1.0000 1.0000 1.0000 1.0000 0.0000 0.0000 nan
COCOfunction9-dim5-seed1-disth2-height1-radius0.025-freq100-amp0.1 kriging 0 0 1 5 0.5167 0.0858 0.8114 0.6008 0.4142 0.2630 0.1502 0.0810 0.0358 0.0116 0.0016 0.0000 0.0000 0.1950 0.6827 nan
COCOfunction9-dim5-seed1-disth1-height1-radius0.025-freq10-amp0.5 kriging 0 0 1 5 1.0000 0.0000 1.0000 1.0000 1.0000 1.0000 1.0000 1.0000 1.0000 1.0000 1.0000 1.0000 1.0000 0.0000 0.0000 nan
COCOfunction9-dim5-seed1-disth2-height1-radius0.025-freq10-amp0.5 kriging 0 0 1 5 0.1004 0.3987 0.2608 0.1274 0.0532 0.0116 0.0012 0.0000 0.0000 0.0000 0.0000 0.0000 0.0000 0.0995 1.3213 nan
COCOfunction9-dim5-seed1-disth1-height1-radius0.025-freq100-amp0.5 kriging 0 0 1 5 1.0000 0.0000 1.0000 1.0000 1.0000 1.0000 1.0000 1.0000 1.0000 1.0000 1.0000 1.0000 1.0000 0.0000 0.0000 nan
COCOfunction9-dim5-seed1-disth2-height1-radius0.025-freq100-amp0.5 kriging 0 0 1 5 0.0301 0.4293 0.0456 0.0066 0.0016 0.0002 0.0000 0.0000 0.0000 0.0000 0.0000 0.0000 0.0000 0.0367 1.5851 nan
COCOfunction9-dim5-seed1-disth1-height1-radius0.025-freq10-amp1 kriging 0 0 1 5 1.0000 0.0000 1.0000 1.0000 1.0000 1.0000 1.0000 1.0000 1.0000 1.0000 1.0000 1.0000 1.0000 0.0000 0.0000 nan
COCOfunction9-dim5-seed1-disth2-height1-radius0.025-freq10-amp1 kriging 0 0 1 5 0.0418 0.7974 0.1742 0.0726 0.0160 0.0024 0.0000 0.0000 0.0000 0.0000 0.0000 0.0000 0.0000 0.0772 1.5620 nan
COCOfunction9-dim5-seed1-disth1-height1-radius0.025-freq100-amp1 kriging 0 0 1 5 1.0000 0.0000 1.0000 1.0000 1.0000 1.0000 1.0000 1.0000 1.0000 1.0000 1.0000 1.0000 1.0000 0.0000 0.0000 nan
COCOfunction9-dim5-seed1-disth2-height1-radius0.025-freq100-amp1 kriging 0 0 1 5 0.0047 0.8587 0.0068 0.0004 0.0000 0.0000 0.0000 0.0000 0.0000 0.0000 0.0000 0.0000 0.0000 0.0186 1.7091 nan
COCOfunction9-dim5-seed1-disth1-height1-radius0.025-freq10-amp1.5 kriging 0 0 1 5 1.0000 0.0000 1.0000 1.0000 1.0000 1.0000 1.0000 1.0000 1.0000 1.0000 1.0000 1.0000 1.0000 0.0000 0.0000 nan
COCOfunction9-dim5-seed1-disth2-height1-radius0.025-freq10-amp1.5 kriging 0 0 1 5 0.0272 1.1961 0.1508 0.0600 0.0104 0.0010 0.0000 0.0000 0.0000 0.0000 0.0000 0.0000 0.0000 0.0704 1.6231 nan
COCOfunction9-dim5-seed1-disth1-height1-radius0.025-freq100-amp1.5 kriging 0 0 1 5 1.0000 0.0000 1.0000 1.0000 1.0000 1.0000 1.0000 1.0000 1.0000 1.0000 1.0000 1.0000 1.0000 0.0000 0.0000 nan
COCOfunction9-dim5-seed1-disth2-height1-radius0.025-freq100-amp1.5 kriging 0 0 1 5 0.0011 1.2880 0.0038 0.0002 0.0000 0.0000 0.0000 0.0000 0.0000 0.0000 0.0000 0.0000 0.0000 0.0153 1.6650 nan
COCOfunction9-dim5-seed1-disth1-height1-radius0.025-freq10-amp2 kriging 0 0 1 5 1.0000 0.0000 1.0000 1.0000 1.0000 1.0000 1.0000 1.0000 1.0000 1.0000 1.0000 1.0000 1.0000 0.0000 0.0000 nan
COCOfunction9-dim5-seed1-disth2-height1-radius0.025-freq10-amp2 kriging 0 0 1 5 0.0210 1.5948 0.1428 0.0524 0.0092 0.0006 0.0000 0.0000 0.0000 0.0000 0.0000 0.0000 0.0000 0.0672 1.6432 nan
COCOfunction9-dim5-seed1-disth1-height1-radius0.025-freq100-amp2 kriging 0 0 1 5 1.0000 0.0000 1.0000 1.0000 1.0000 1.0000 1.0000 1.0000 1.0000 1.0000 1.0000 1.0000 1.0000 0.0000 0.0000 nan
COCOfunction9-dim5-seed1-disth2-height1-radius0.025-freq100-amp2 kriging 0 0 1 5 0.0002 1.7174 0.0026 0.0002 0.0000 0.0000 0.0000 0.0000 0.0000 0.0000 0.0000 0.0000 0.0000 0.0144 1.6289 nan
