instance technique highFiBudget lowFiBudget seed dimension CC RRMSE LCC_0.1 LCC_0.2 LCC_0.3 LCC_0.4 LCC_0.5 LCC_0.6 LCC_0.7 LCC_0.8 LCC_0.9 LCC_0.95 LCC_0.975 LCC_sd LCC_coeff performance
COCOfunction16-dim10-seed1-disth1-height0-radius0.025-freq10-amp0.1 kriging 0 0 1 10 1.0000 0.0000 1.0000 1.0000 1.0000 1.0000 1.0000 1.0000 1.0000 1.0000 1.0000 1.0000 1.0000 0.0000 0.0000 nan
COCOfunction16-dim10-seed1-disth2-height0-radius0.025-freq10-amp0.1 kriging 0 0 1 10 0.9891 0.0156 1.0000 1.0000 1.0000 1.0000 1.0000 1.0000 1.0000 1.0000 0.9995 0.9981 0.9819 0.0061 0.0062 nan
COCOfunction16-dim10-seed1-disth1-height0-radius0.025-freq100-amp0.1 kriging 0 0 1 10 1.0000 0.0000 1.0000 1.0000 1.0000 1.0000 1.0000 1.0000 1.0000 1.0000 1.0000 1.0000 1.0000 0.0000 0.0000 nan
COCOfunction16-dim10-seed1-disth2-height0-radius0.025-freq100-amp0.1 kriging 0 0 1 10 0.9852 0.0169 1.0000 1.0000 1.0000 1.0000 1.0000 1.0000 1.0000 0.9998 0.9991 0.9931 0.9101 0.0098 0.0099 nan
COCOfunction16-dim10-seed1-disth1-height0-radius0.025-freq10-amp0.5 kriging 0 0 1 10 1.0000 0.0000 1.0000 1.0000 1.0000 1.0000 1.0000 1.0000 1.0000 1.0000 1.0000 1.0000 1.0000 0.0000 0.0000 nan
COCOfunction16-dim10-seed1-disth2-height0-radius0.025-freq10-amp0.5 kriging 0 0 1 10 0.7501 0.0782 0.9993 0.9977 0.9945 0.9870 0.9733 0.9236 0.7801 0.4216 0.0584 0.0115 0.0038 0.1123 0.1472 nan
COCOfunction16-dim10-seed1-disth1-height0-radius0.025-freq100-amp0.5 kriging 0 0 1 10 1.0000 0.0000 1.0000 1.0000 1.0000 1.0000 1.0000 1.0000 1.0000 1.0000 1.0000 1.0000 1.0000 0.0000 0.0000 nan
COCOfunction16-dim10-seed1-disth2-height0-radius0.025-freq100-amp0.5 kriging 0 0 1 10 0.7382 0.0846 0.9982 0.9964 0.9909 0.9769 0.9462 0.8706 0.6941 0.3588 0.0556 0.0115 0.0026 0.1302 0.1763 nan
COCOfunction16-dim10-seed1-disth1-height0-radius0.025-freq10-amp1 kriging 0 0 1 10 1.0000 0.0000 1.0000 1.0000 1.0000 1.0000 1.0000 1.0000 1.0000 1.0000 1.0000 1.0000 1.0000 0.0000 0.0000 nan
COCOfunction16-dim10-seed1-disth2-height0-radius0.025-freq10-amp1 kriging 0 0 1 10 0.3651 0.1564 0.9254 0.8299 0.6961 0.5180 0.3290 0.1676 0.0671 0.0200 0.0049 0.0018 0.0004 0.1977 0.4880 nan
COCOfunction16-dim10-seed1-disth1-height0-radius0.025-freq100-amp1 kriging 0 0 1 10 1.0000 0.0000 1.0000 1.0000 1.0000 1.0000 1.0000 1.0000 1.0000 1.0000 1.0000 1.0000 1.0000 0.0000 0.0000 nan
COCOfunction16-dim10-seed1-disth2-height0-radius0.025-freq100-amp1 kriging 0 0 1 10 0.4300 0.1692 0.9445 0.8764 0.7725 0.6266 0.4386 0.2438 0.0967 0.0306 0.0067 0.0014 0.0008 0.1994 0.4404 nan
COCOfunction16-dim10-seed1-disth1-height0-radius0.025-freq10-amp1.5 kriging 0 0 1 10 1.0000 0.0000 1.0000 1.0000 1.0000 1.0000 1.0000 1.0000 1.0000 1.0000 1.0000 1.0000 1.0000 0.0000 0.0000 nan
COCOfunction16-dim10-seed1-disth2-height0-radius0.025-freq10-amp1.5 kriging 0 0 1 10 0.1583 0.2347 0.6920 0.4881 0.3167 0.1812 0.0933 0.0431 0.0179 0.0071 0.0025 0.0005 0.0003 0.1860 0.8130 nan
COCOfunction16-dim10-seed1-disth1-height0-radius0.025-freq100-amp1.5 kriging 0 0 1 10 1.0000 0.0000 1.0000 1.0000 1.0000 1.0000 1.0000 1.0000 1.0000 1.0000 1.0000 1.0000 1.0000 0.0000 0.0000 nan
COCOfunction16-dim10-seed1-disth2-height0-radius0.025-freq100-amp1.5 kriging 0 0 1 10 0.2637 0.2538 0.8301 0.6769 0.5011 0.3220 0.1757 0.0801 0.0356 0.0125 0.0032 0.0008 0.0007 0.1973 0.6350 nan
COCOfunction16-dim10-seed1-disth1-height0-radius0.025-freq10-amp2 kriging 0 0 1 10 1.0000 0.0000 1.0000 1.0000 1.0000 1.0000 1.0000 1.0000 1.0000 1.0000 1.0000 1.0000 1.0000 0.0000 0.0000 nan
COCOfunction16-dim10-seed1-disth2-height0-radius0.025-freq10-amp2 kriging 0 0 1 10 0.0685 0.3129 0.5085 0.3050 0.1716 0.0907 0.0458 0.0218 0.0097 0.0046 0.0015 0.0007 0.0003 0.1634 1.0447 nan
COCOfunction16-dim10-seed1-disth1-height0-radius0.025-freq100-amp2 kriging 0 0 1 10 1.0000 0.0000 1.0000 1.0000 1.0000 1.0000 1.0000 1.0000 1.0000 1.0000 1.0000 1.0000 1.0000 0.0000 0.0000 nan
COCOfunction16-dim10-seed1-disth2-height0-radius0.025-freq100-amp2 kriging 0 0 1 10 0.1768 0.3384 0.7209 0.5210 0.3355 0.1909 0.0945 0.0460 0.0198 0.0080 0.0017 0.0007 0.0007 0.1855 0.7759 nan
COCOfunction16-dim10-seed1-disth1-height0-radius0.05-freq10-amp0.1 kriging 0 0 1 10 0.9999 0.0004 1.0000 1.0000 1.0000 1.0000 1.0000 1.0000 1.0000 1.0000 1.0000 1.0000 1.0000 0.0000 0.0000 nan
COCOfunction16-dim10-seed1-disth2-height0-radius0.05-freq10-amp0.1 kriging 0 0 1 10 0.9909 0.0142 1.0000 1.0000 1.0000 1.0000 1.0000 1.0000 1.0000 1.0000 0.9998 0.9989 0.9916 0.0050 0.0050 nan
COCOfunction16-dim10-seed1-disth1-height0-radius0.05-freq100-amp0.1 kriging 0 0 1 10 0.9999 0.0005 1.0000 1.0000 1.0000 1.0000 1.0000 1.0000 1.0000 1.0000 1.0000 1.0000 1.0000 0.0001 0.0001 nan
COCOfunction16-dim10-seed1-disth2-height0-radius0.05-freq100-amp0.1 kriging 0 0 1 10 0.9876 0.0154 1.0000 1.0000 1.0000 1.0000 1.0000 1.0000 1.0000 0.9999 0.9992 0.9960 0.9535 0.0080 0.0081 nan
COCOfunction16-dim10-seed1-disth1-height0-radius0.05-freq10-amp0.5 kriging 0 0 1 10 0.9996 0.0023 1.0000 1.0000 1.0000 1.0000 1.0000 1.0000 1.0000 1.0000 1.0000 1.0000 0.9988 0.0018 0.0018 nan
COCOfunction16-dim10-seed1-disth2-height0-radius0.05-freq10-amp0.5 kriging 0 0 1 10 0.7820 0.0714 0.9996 0.9992 0.9969 0.9927 0.9832 0.9577 0.8621 0.5624 0.0989 0.0175 0.0048 0.1008 0.1268 nan
COCOfunction16-dim10-seed1-disth1-height0-radius0.05-freq100-amp0.5 kriging 0 0 1 10 0.9995 0.0027 1.0000 1.0000 1.0000 1.0000 1.0000 1.0000 1.0000 1.0000 1.0000 0.9996 0.9971 0.0027 0.0027 nan
COCOfunction16-dim10-seed1-disth2-height0-radius0.05-freq100-amp0.5 kriging 0 0 1 10 0.7723 0.0772 0.9991 0.9975 0.9950 0.9875 0.9687 0.9210 0.7903 0.4882 0.0892 0.0165 0.0045 0.1184 0.1530 nan
COCOfunction16-dim10-seed1-disth1-height0-radius0.05-freq10-amp1 kriging 0 0 1 10 0.9987 0.0047 1.0000 1.0000 1.0000 1.0000 1.0000 1.0000 1.0000 1.0000 0.9991 0.9944 0.9881 0.0066 0.0066 nan
COCOfunction16-dim10-seed1-disth2-height0-radius0.05-freq10-amp1 kriging 0 0 1 10 0.4059 0.1428 0.9445 0.8675 0.7581 0.6009 0.4138 0.2286 0.0958 0.0281 0.0065 0.0023 0.0005 0.1995 0.4495 nan
COCOfunction16-dim10-seed1-disth1-height0-radius0.05-freq100-amp1 kriging 0 0 1 10 0.9983 0.0055 1.0000 1.0000 1.0000 1.0000 1.0000 0.9999 0.9998 0.9996 0.9968 0.9895 0.9799 0.0122 0.0122 nan
COCOfunction16-dim10-seed1-disth2-height0-radius0.05-freq100-amp1 kriging 0 0 1 10 0.4763 0.1544 0.9612 0.9092 0.8271 0.7063 0.5379 0.3311 0.1466 0.0444 0.0096 0.0018 0.0009 0.1986 0.3998 nan
COCOfunction16-dim10-seed1-disth1-height0-radius0.05-freq10-amp1.5 kriging 0 0 1 10 0.9972 0.0071 1.0000 1.0000 1.0000 1.0000 1.0000 1.0000 1.0000 0.9994 0.9940 0.9874 0.9806 0.0136 0.0136 nan
COCOfunction16-dim10-seed1-disth2-height0-radius0.05-freq10-amp1.5 kriging 0 0 1 10 0.1813 0.2142 0.7312 0.5365 0.3680 0.2246 0.1195 0.0554 0.0237 0.0090 0.0030 0.0006 0.0003 0.1950 0.7740 nan
COCOfunction16-dim10-seed1-disth1-height0-radius0.05-freq100-amp1.5 kriging 0 0 1 10 0.9962 0.0083 1.0000 0.9999 0.9999 0.9997 0.9996 0.9993 0.9982 0.9958 0.9883 0.9788 0.9701 0.0269 0.0270 nan
COCOfunction16-dim10-seed1-disth2-height0-radius0.05-freq100-amp1.5 kriging 0 0 1 10 0.3019 0.2316 0.8609 0.7338 0.5777 0.3996 0.2346 0.1127 0.0468 0.0164 0.0042 0.0012 0.0008 0.2039 0.5879 nan
COCOfunction16-dim10-seed1-disth1-height0-radius0.05-freq10-amp2 kriging 0 0 1 10 0.9950 0.0095 1.0000 1.0000 1.0000 1.0000 0.9999 0.9995 0.9993 0.9971 0.9891 0.9817 0.9709 0.0220 0.0220 nan
COCOfunction16-dim10-seed1-disth2-height0-radius0.05-freq10-amp2 kriging 0 0 1 10 0.0789 0.2857 0.5415 0.3420 0.2000 0.1100 0.0551 0.0281 0.0130 0.0058 0.0023 0.0007 0.0003 0.1719 1.0086 nan
COCOfunction16-dim10-seed1-disth1-height0-radius0.05-freq100-amp2 kriging 0 0 1 10 0.9932 0.0111 0.9998 0.9997 0.9995 0.9989 0.9983 0.9971 0.9945 0.9903 0.9804 0.9718 0.9621 0.0426 0.0429 nan
COCOfunction16-dim10-seed1-disth2-height0-radius0.05-freq100-amp2 kriging 0 0 1 10 0.2062 0.3088 0.7626 0.5830 0.4007 0.2435 0.1281 0.0599 0.0256 0.0107 0.0023 0.0008 0.0007 0.1943 0.7252 nan
COCOfunction16-dim10-seed1-disth1-height0-radius0.1-freq10-amp0.1 kriging 0 0 1 10 0.9991 0.0039 1.0000 1.0000 1.0000 1.0000 1.0000 1.0000 1.0000 1.0000 1.0000 1.0000 1.0000 0.0013 0.0013 nan
COCOfunction16-dim10-seed1-disth2-height0-radius0.1-freq10-amp0.1 kriging 0 0 1 10 0.9940 0.0115 1.0000 1.0000 1.0000 1.0000 1.0000 1.0000 1.0000 1.0000 0.9999 0.9998 0.9985 0.0030 0.0030 nan
COCOfunction16-dim10-seed1-disth1-height0-radius0.1-freq100-amp0.1 kriging 0 0 1 10 0.9989 0.0042 1.0000 1.0000 1.0000 1.0000 1.0000 1.0000 1.0000 1.0000 1.0000 1.0000 0.9997 0.0019 0.0019 nan
COCOfunction16-dim10-seed1-disth2-height0-radius0.1-freq100-amp0.1 kriging 0 0 1 10 0.9919 0.0124 0.9999 0.9999 0.9999 0.9999 0.9999 0.9999 0.9999 0.9999 0.9998 0.9991 0.9930 0.0108 0.0109 nan
COCOfunction16-dim10-seed1-disth1-height0-radius0.1-freq10-amp0.5 kriging 0 0 1 10 0.9801 0.0199 1.0000 1.0000 1.0000 1.0000 1.0000 1.0000 1.0000 0.9990 0.9848 0.9293 0.8209 0.0238 0.0241 nan
COCOfunction16-dim10-seed1-disth2-height0-radius0.1-freq10-amp0.5 kriging 0 0 1 10 0.8460 0.0576 0.9998 0.9998 0.9994 0.9987 0.9968 0.9895 0.9670 0.8412 0.3036 0.0519 0.0144 0.0744 0.0865 nan
COCOfunction16-dim10-seed1-disth1-height0-radius0.1-freq100-amp0.5 kriging 0 0 1 10 0.9751 0.0214 0.9998 0.9995 0.9992 0.9986 0.9978 0.9970 0.9940 0.9850 0.9508 0.8805 0.7735 0.0536 0.0548 nan
COCOfunction16-dim10-seed1-disth2-height0-radius0.1-freq100-amp0.5 kriging 0 0 1 10 0.8396 0.0622 0.9997 0.9993 0.9986 0.9969 0.9935 0.9793 0.9348 0.7681 0.2758 0.0507 0.0115 0.0904 0.1070 nan
COCOfunction16-dim10-seed1-disth1-height0-radius0.1-freq10-amp1 kriging 0 0 1 10 0.9280 0.0399 0.9997 0.9995 0.9993 0.9989 0.9980 0.9958 0.9900 0.9599 0.8469 0.6959 0.5602 0.0706 0.0740 nan
COCOfunction16-dim10-seed1-disth2-height0-radius0.1-freq10-amp1 kriging 0 0 1 10 0.5097 0.1152 0.9740 0.9379 0.8775 0.7771 0.6255 0.4329 0.2255 0.0741 0.0154 0.0045 0.0020 0.1963 0.3610 nan
COCOfunction16-dim10-seed1-disth1-height0-radius0.1-freq100-amp1 kriging 0 0 1 10 0.9059 0.0429 0.9957 0.9923 0.9879 0.9825 0.9747 0.9615 0.9406 0.8983 0.7864 0.6596 0.5499 0.1376 0.1485 nan
COCOfunction16-dim10-seed1-disth2-height0-radius0.1-freq100-amp1 kriging 0 0 1 10 0.5845 0.1244 0.9831 0.9611 0.9203 0.8546 0.7477 0.5793 0.3444 0.1237 0.0219 0.0060 0.0022 0.1890 0.3134 nan
COCOfunction16-dim10-seed1-disth1-height0-radius0.1-freq10-amp1.5 kriging 0 0 1 10 0.8567 0.0599 0.9990 0.9977 0.9960 0.9938 0.9908 0.9797 0.9442 0.8617 0.6921 0.5483 0.4403 0.1154 0.1261 nan
COCOfunction16-dim10-seed1-disth2-height0-radius0.1-freq10-amp1.5 kriging 0 0 1 10 0.2503 0.1728 0.8004 0.6594 0.5084 0.3566 0.2215 0.1151 0.0477 0.0177 0.0049 0.0019 0.0007 0.2170 0.6782 nan
COCOfunction16-dim10-seed1-disth1-height0-radius0.1-freq100-amp1.5 kriging 0 0 1 10 0.8078 0.0644 0.9863 0.9762 0.9651 0.9507 0.9341 0.9079 0.8612 0.7836 0.6491 0.5355 0.4429 0.1999 0.2294 nan
COCOfunction16-dim10-seed1-disth2-height0-radius0.1-freq100-amp1.5 kriging 0 0 1 10 0.4014 0.1866 0.9210 0.8418 0.7395 0.5994 0.4282 0.2496 0.1119 0.0366 0.0093 0.0023 0.0010 0.2150 0.4857 nan
COCOfunction16-dim10-seed1-disth1-height0-radius0.1-freq10-amp2 kriging 0 0 1 10 0.7779 0.0799 0.9971 0.9942 0.9913 0.9863 0.9742 0.9403 0.8717 0.7544 0.5840 0.4631 0.3742 0.1535 0.1752 nan
COCOfunction16-dim10-seed1-disth2-height0-radius0.1-freq10-amp2 kriging 0 0 1 10 0.1130 0.2305 0.6219 0.4348 0.2910 0.1743 0.0991 0.0483 0.0221 0.0096 0.0032 0.0012 0.0004 0.1958 0.9174 nan
COCOfunction16-dim10-seed1-disth1-height0-radius0.1-freq100-amp2 kriging 0 0 1 10 0.6989 0.0859 0.9718 0.9548 0.9371 0.9161 0.8867 0.8408 0.7768 0.6888 0.5620 0.4586 0.3848 0.2437 0.2970 nan
COCOfunction16-dim10-seed1-disth2-height0-radius0.1-freq100-amp2 kriging 0 0 1 10 0.2876 0.2489 0.8452 0.7206 0.5714 0.4086 0.2534 0.1287 0.0565 0.0209 0.0054 0.0017 0.0008 0.2139 0.6144 nan
COCOfunction16-dim10-seed1-disth1-height0-radius0.15-freq10-amp0.1 kriging 0 0 1 10 0.9953 0.0099 1.0000 1.0000 1.0000 1.0000 1.0000 1.0000 1.0000 1.0000 1.0000 1.0000 0.9979 0.0037 0.0037 nan
COCOfunction16-dim10-seed1-disth2-height0-radius0.15-freq10-amp0.1 kriging 0 0 1 10 0.9964 0.0088 1.0000 1.0000 1.0000 1.0000 1.0000 1.0000 1.0000 1.0000 1.0000 1.0000 0.9998 0.0016 0.0016 nan
COCOfunction16-dim10-seed1-disth1-height0-radius0.15-freq100-amp0.1 kriging 0 0 1 10 0.9939 0.0105 1.0000 1.0000 1.0000 1.0000 1.0000 1.0000 1.0000 1.0000 0.9999 0.9983 0.9839 0.0061 0.0061 nan
COCOfunction16-dim10-seed1-disth2-height0-radius0.15-freq100-amp0.1 kriging 0 0 1 10 0.9952 0.0095 1.0000 1.0000 1.0000 1.0000 1.0000 1.0000 1.0000 1.0000 1.0000 0.9999 0.9993 0.0026 0.0026 nan
COCOfunction16-dim10-seed1-disth1-height0-radius0.15-freq10-amp0.5 kriging 0 0 1 10 0.9078 0.0495 1.0000 1.0000 0.9998 0.9998 0.9993 0.9978 0.9938 0.9709 0.7266 0.3778 0.1740 0.0574 0.0621 nan
COCOfunction16-dim10-seed1-disth2-height0-radius0.15-freq10-amp0.5 kriging 0 0 1 10 0.9041 0.0443 1.0000 1.0000 1.0000 0.9999 0.9998 0.9990 0.9958 0.9788 0.7314 0.2311 0.0526 0.0466 0.0507 nan
COCOfunction16-dim10-seed1-disth1-height0-radius0.15-freq100-amp0.5 kriging 0 0 1 10 0.8614 0.0528 0.9974 0.9953 0.9920 0.9866 0.9780 0.9606 0.9212 0.8194 0.5213 0.2764 0.1402 0.1269 0.1454 nan
COCOfunction16-dim10-seed1-disth2-height0-radius0.15-freq100-amp0.5 kriging 0 0 1 10 0.8980 0.0478 1.0000 0.9999 0.9997 0.9995 0.9988 0.9975 0.9898 0.9471 0.6594 0.2147 0.0514 0.0603 0.0664 nan
COCOfunction16-dim10-seed1-disth1-height0-radius0.15-freq10-amp1 kriging 0 0 1 10 0.7430 0.0990 0.9981 0.9958 0.9927 0.9864 0.9735 0.9362 0.8041 0.5235 0.2115 0.0970 0.0549 0.1314 0.1655 nan
COCOfunction16-dim10-seed1-disth2-height0-radius0.15-freq10-amp1 kriging 0 0 1 10 0.6462 0.0887 0.9911 0.9825 0.9633 0.9280 0.8617 0.7317 0.5308 0.2600 0.0543 0.0163 0.0056 0.1727 0.2539 nan
COCOfunction16-dim10-seed1-disth1-height0-radius0.15-freq100-amp1 kriging 0 0 1 10 0.5916 0.1057 0.9669 0.9389 0.9033 0.8542 0.7716 0.6542 0.4983 0.3209 0.1524 0.0823 0.0492 0.2386 0.3628 nan
COCOfunction16-dim10-seed1-disth2-height0-radius0.15-freq100-amp1 kriging 0 0 1 10 0.7022 0.0956 0.9943 0.9873 0.9741 0.9503 0.9021 0.8149 0.6567 0.3771 0.0808 0.0211 0.0063 0.1631 0.2252 nan
COCOfunction16-dim10-seed1-disth1-height0-radius0.15-freq10-amp1.5 kriging 0 0 1 10 0.5986 0.1485 0.9916 0.9837 0.9653 0.9369 0.8705 0.7061 0.4705 0.2425 0.0971 0.0536 0.0317 0.1763 0.2603 nan
COCOfunction16-dim10-seed1-disth2-height0-radius0.15-freq10-amp1.5 kriging 0 0 1 10 0.3773 0.1330 0.8989 0.8107 0.7081 0.5809 0.4391 0.2901 0.1493 0.0558 0.0144 0.0052 0.0025 0.2361 0.5327 nan
COCOfunction16-dim10-seed1-disth1-height0-radius0.15-freq100-amp1.5 kriging 0 0 1 10 0.3745 0.1585 0.9028 0.8298 0.7347 0.6247 0.5032 0.3773 0.2556 0.1571 0.0779 0.0471 0.0288 0.2722 0.5488 nan
COCOfunction16-dim10-seed1-disth2-height0-radius0.15-freq100-amp1.5 kriging 0 0 1 10 0.5283 0.1435 0.9648 0.9253 0.8726 0.7929 0.6771 0.5144 0.3102 0.1181 0.0264 0.0075 0.0025 0.2141 0.3760 nan
COCOfunction16-dim10-seed1-disth1-height0-radius0.15-freq10-amp2 kriging 0 0 1 10 0.4906 0.1980 0.9809 0.9561 0.9174 0.8438 0.6966 0.4871 0.2741 0.1359 0.0635 0.0362 0.0233 0.2001 0.3416 nan
COCOfunction16-dim10-seed1-disth2-height0-radius0.15-freq10-amp2 kriging 0 0 1 10 0.1948 0.1774 0.7414 0.5938 0.4603 0.3367 0.2152 0.1211 0.0573 0.0245 0.0072 0.0029 0.0015 0.2319 0.7708 nan
COCOfunction16-dim10-seed1-disth1-height0-radius0.15-freq100-amp2 kriging 0 0 1 10 0.2380 0.2114 0.8198 0.6931 0.5656 0.4471 0.3383 0.2338 0.1589 0.1002 0.0533 0.0323 0.0222 0.2751 0.7075 nan
COCOfunction16-dim10-seed1-disth2-height0-radius0.15-freq100-amp2 kriging 0 0 1 10 0.4018 0.1913 0.9109 0.8407 0.7461 0.6286 0.4788 0.3105 0.1517 0.0585 0.0143 0.0044 0.0018 0.2295 0.4962 nan
COCOfunction16-dim10-seed1-disth1-height0-radius0.2-freq10-amp0.1 kriging 0 0 1 10 0.9882 0.0165 1.0000 1.0000 1.0000 1.0000 1.0000 1.0000 1.0000 0.9999 0.9994 0.9968 0.9579 0.0079 0.0080 nan
COCOfunction16-dim10-seed1-disth2-height0-radius0.2-freq10-amp0.1 kriging 0 0 1 10 0.9980 0.0065 1.0000 1.0000 1.0000 1.0000 1.0000 1.0000 1.0000 1.0000 1.0000 1.0000 1.0000 0.0008 0.0008 nan
COCOfunction16-dim10-seed1-disth1-height0-radius0.2-freq100-amp0.1 kriging 0 0 1 10 0.9829 0.0177 1.0000 1.0000 1.0000 1.0000 1.0000 0.9999 0.9999 0.9996 0.9972 0.9744 0.8225 0.0145 0.0147 nan
COCOfunction16-dim10-seed1-disth2-height0-radius0.2-freq100-amp0.1 kriging 0 0 1 10 0.9974 0.0070 1.0000 1.0000 1.0000 1.0000 1.0000 1.0000 1.0000 1.0000 1.0000 1.0000 1.0000 0.0013 0.0013 nan
COCOfunction16-dim10-seed1-disth1-height0-radius0.2-freq10-amp0.5 kriging 0 0 1 10 0.8126 0.0826 0.9997 0.9985 0.9973 0.9954 0.9891 0.9764 0.9274 0.7268 0.2209 0.0552 0.0187 0.0949 0.1139 nan
COCOfunction16-dim10-seed1-disth2-height0-radius0.2-freq10-amp0.5 kriging 0 0 1 10 0.9471 0.0325 1.0000 1.0000 1.0000 1.0000 1.0000 0.9999 0.9999 0.9986 0.9699 0.7106 0.2754 0.0263 0.0275 nan
COCOfunction16-dim10-seed1-disth1-height0-radius0.2-freq100-amp0.5 kriging 0 0 1 10 0.6743 0.0889 0.9880 0.9758 0.9568 0.9235 0.8667 0.7504 0.5524 0.2956 0.0899 0.0305 0.0132 0.1838 0.2663 nan
COCOfunction16-dim10-seed1-disth2-height0-radius0.2-freq100-amp0.5 kriging 0 0 1 10 0.9414 0.0351 1.0000 1.0000 1.0000 1.0000 1.0000 0.9997 0.9993 0.9945 0.9234 0.6418 0.2543 0.0351 0.0368 nan
COCOfunction16-dim10-seed1-disth1-height0-radius0.2-freq10-amp1 kriging 0 0 1 10 0.5880 0.1652 0.9897 0.9782 0.9558 0.9104 0.8152 0.6400 0.3671 0.1255 0.0269 0.0093 0.0045 0.1664 0.2635 nan
COCOfunction16-dim10-seed1-disth2-height0-radius0.2-freq10-amp1 kriging 0 0 1 10 0.7863 0.0651 0.9981 0.9960 0.9935 0.9881 0.9749 0.9449 0.8658 0.6685 0.2696 0.0838 0.0311 0.1250 0.1523 nan
COCOfunction16-dim10-seed1-disth1-height0-radius0.2-freq100-amp1 kriging 0 0 1 10 0.3103 0.1779 0.8698 0.7450 0.5964 0.4436 0.2970 0.1819 0.0987 0.0454 0.0160 0.0067 0.0036 0.2306 0.6107 nan
COCOfunction16-dim10-seed1-disth2-height0-radius0.2-freq100-amp1 kriging 0 0 1 10 0.8095 0.0702 0.9987 0.9973 0.9944 0.9887 0.9778 0.9516 0.8877 0.7425 0.3390 0.0982 0.0322 0.1208 0.1442 nan
COCOfunction16-dim10-seed1-disth1-height0-radius0.2-freq10-amp1.5 kriging 0 0 1 10 0.4468 0.2478 0.9648 0.9216 0.8452 0.7274 0.5458 0.3188 0.1345 0.0441 0.0117 0.0045 0.0027 0.1912 0.3817 nan
COCOfunction16-dim10-seed1-disth2-height0-radius0.2-freq10-amp1.5 kriging 0 0 1 10 0.5679 0.0977 0.9708 0.9429 0.9005 0.8409 0.7560 0.6265 0.4535 0.2445 0.0736 0.0275 0.0113 0.2225 0.3527 nan
COCOfunction16-dim10-seed1-disth1-height0-radius0.2-freq100-amp1.5 kriging 0 0 1 10 0.1468 0.2669 0.6731 0.4742 0.3191 0.2079 0.1246 0.0716 0.0392 0.0186 0.0070 0.0038 0.0020 0.2103 0.8852 nan
COCOfunction16-dim10-seed1-disth2-height0-radius0.2-freq100-amp1.5 kriging 0 0 1 10 0.6660 0.1053 0.9876 0.9752 0.9540 0.9221 0.8704 0.7871 0.6383 0.3888 0.1066 0.0329 0.0114 0.1897 0.2659 nan
COCOfunction16-dim10-seed1-disth1-height0-radius0.2-freq10-amp2 kriging 0 0 1 10 0.3604 0.3305 0.9284 0.8470 0.7296 0.5665 0.3665 0.1803 0.0675 0.0229 0.0067 0.0033 0.0017 0.1975 0.4698 nan
COCOfunction16-dim10-seed1-disth2-height0-radius0.2-freq10-amp2 kriging 0 0 1 10 0.3665 0.1302 0.8850 0.8045 0.7143 0.6122 0.4940 0.3622 0.2206 0.1048 0.0340 0.0132 0.0069 0.2612 0.5549 nan
COCOfunction16-dim10-seed1-disth1-height0-radius0.2-freq100-amp2 kriging 0 0 1 10 0.0759 0.3559 0.5212 0.3300 0.2063 0.1252 0.0722 0.0426 0.0229 0.0117 0.0045 0.0022 0.0013 0.1881 1.0816 nan
COCOfunction16-dim10-seed1-disth2-height0-radius0.2-freq100-amp2 kriging 0 0 1 10 0.5419 0.1405 0.9611 0.9262 0.8851 0.8208 0.7327 0.6029 0.4167 0.1981 0.0530 0.0162 0.0065 0.2257 0.3705 nan
