instance technique highFiBudget lowFiBudget seed dimension CC RRMSE LCC_0.1 LCC_0.2 LCC_0.3 LCC_0.4 LCC_0.5 LCC_0.6 LCC_0.7 LCC_0.8 LCC_0.9 LCC_0.95 LCC_0.975 LCC_sd LCC_coeff performance
COCOfunction12-dim2-seed1-disth1-height1-radius0.05-freq10-amp0.1 kriging 0 0 1 2 1.0000 0.0000 1.0000 1.0000 1.0000 1.0000 1.0000 1.0000 1.0000 1.0000 1.0000 1.0000 1.0000 0.0000 0.0000 nan
COCOfunction12-dim2-seed1-disth2-height1-radius0.05-freq10-amp0.1 kriging 0 0 1 2 0.8977 0.0470 0.7425 0.6375 0.5310 0.4430 0.3085 0.2680 0.2235 0.1735 0.1170 0.0535 0.0115 0.3201 0.8222 nan
COCOfunction12-dim2-seed1-disth1-height1-radius0.05-freq100-amp0.1 kriging 0 0 1 2 1.0000 0.0000 1.0000 1.0000 1.0000 1.0000 1.0000 1.0000 1.0000 1.0000 1.0000 1.0000 1.0000 0.0000 0.0000 nan
COCOfunction12-dim2-seed1-disth2-height1-radius0.05-freq100-amp0.1 kriging 0 0 1 2 0.8716 0.0497 0.7475 0.5710 0.4020 0.2755 0.2375 0.2030 0.1725 0.1455 0.0970 0.0525 0.0100 0.3026 0.9238 nan
COCOfunction12-dim2-seed1-disth1-height1-radius0.05-freq10-amp0.5 kriging 0 0 1 2 1.0000 0.0000 1.0000 1.0000 1.0000 1.0000 1.0000 1.0000 1.0000 1.0000 1.0000 1.0000 1.0000 0.0000 0.0000 nan
COCOfunction12-dim2-seed1-disth2-height1-radius0.05-freq10-amp0.5 kriging 0 0 1 2 0.3003 0.2352 0.3325 0.2155 0.1445 0.0965 0.0235 0.0085 0.0015 0.0000 0.0000 0.0000 0.0000 0.1521 1.2939 nan
COCOfunction12-dim2-seed1-disth1-height1-radius0.05-freq100-amp0.5 kriging 0 0 1 2 1.0000 0.0000 1.0000 1.0000 1.0000 1.0000 1.0000 1.0000 1.0000 1.0000 1.0000 1.0000 1.0000 0.0000 0.0000 nan
COCOfunction12-dim2-seed1-disth2-height1-radius0.05-freq100-amp0.5 kriging 0 0 1 2 0.2099 0.2485 0.1670 0.1285 0.0950 0.0675 0.0350 0.0070 0.0000 0.0000 0.0000 0.0000 0.0000 0.1401 1.9395 nan
COCOfunction12-dim2-seed1-disth1-height1-radius0.05-freq10-amp1 kriging 0 0 1 2 1.0000 0.0000 1.0000 1.0000 1.0000 1.0000 1.0000 1.0000 1.0000 1.0000 1.0000 1.0000 1.0000 0.0000 0.0000 nan
COCOfunction12-dim2-seed1-disth2-height1-radius0.05-freq10-amp1 kriging 0 0 1 2 0.1184 0.4705 0.2575 0.0745 0.0080 0.0015 0.0000 0.0000 0.0000 0.0000 0.0000 0.0000 0.0000 0.0764 1.1651 nan
COCOfunction12-dim2-seed1-disth1-height1-radius0.05-freq100-amp1 kriging 0 0 1 2 1.0000 0.0000 1.0000 1.0000 1.0000 1.0000 1.0000 1.0000 1.0000 1.0000 1.0000 1.0000 1.0000 0.0000 0.0000 nan
COCOfunction12-dim2-seed1-disth2-height1-radius0.05-freq100-amp1 kriging 0 0 1 2 0.0606 0.4970 0.1030 0.0430 0.0000 0.0000 0.0000 0.0000 0.0000 0.0000 0.0000 0.0000 0.0000 0.0577 1.8731 nan
COCOfunction12-dim2-seed1-disth1-height1-radius0.05-freq10-amp1.5 kriging 0 0 1 2 1.0000 0.0000 1.0000 1.0000 1.0000 1.0000 1.0000 1.0000 1.0000 1.0000 1.0000 1.0000 1.0000 0.0000 0.0000 nan
COCOfunction12-dim2-seed1-disth2-height1-radius0.05-freq10-amp1.5 kriging 0 0 1 2 0.0681 0.7057 0.1675 0.0230 0.0015 0.0000 0.0000 0.0000 0.0000 0.0000 0.0000 0.0000 0.0000 0.0565 1.1248 nan
COCOfunction12-dim2-seed1-disth1-height1-radius0.05-freq100-amp1.5 kriging 0 0 1 2 1.0000 0.0000 1.0000 1.0000 1.0000 1.0000 1.0000 1.0000 1.0000 1.0000 1.0000 1.0000 1.0000 0.0000 0.0000 nan
COCOfunction12-dim2-seed1-disth2-height1-radius0.05-freq100-amp1.5 kriging 0 0 1 2 0.0271 0.7455 0.0510 0.0000 0.0000 0.0000 0.0000 0.0000 0.0000 0.0000 0.0000 0.0000 0.0000 0.0301 1.5761 nan
COCOfunction12-dim2-seed1-disth1-height1-radius0.05-freq10-amp2 kriging 0 0 1 2 1.0000 0.0000 1.0000 1.0000 1.0000 1.0000 1.0000 1.0000 1.0000 1.0000 1.0000 1.0000 1.0000 0.0000 0.0000 nan
COCOfunction12-dim2-seed1-disth2-height1-radius0.05-freq10-amp2 kriging 0 0 1 2 0.0471 0.9410 0.1405 0.0060 0.0000 0.0000 0.0000 0.0000 0.0000 0.0000 0.0000 0.0000 0.0000 0.0497 1.1329 nan
COCOfunction12-dim2-seed1-disth1-height1-radius0.05-freq100-amp2 kriging 0 0 1 2 1.0000 0.0000 1.0000 1.0000 1.0000 1.0000 1.0000 1.0000 1.0000 1.0000 1.0000 1.0000 1.0000 0.0000 0.0000 nan
COCOfunction12-dim2-seed1-disth2-height1-radius0.05-freq100-amp2 kriging 0 0 1 2 0.0150 0.9941 0.0000 0.0000 0.0000 0.0000 0.0000 0.0000 0.0000 0.0000 0.0000 0.0000 0.0000 0.0192 1.3286 nan
COCOfunction12-dim2-seed1-disth1-height1-radius0.1-freq10-amp0.1 kriging 0 0 1 2 1.0000 0.0000 1.0000 1.0000 1.0000 1.0000 1.0000 1.0000 1.0000 1.0000 1.0000 1.0000 1.0000 0.0000 0.0000 nan
COCOfunction12-dim2-seed1-disth2-height1-radius0.1-freq10-amp0.1 kriging 0 0 1 2 0.8985 0.0468 0.7440 0.6390 0.5320 0.4470 0.3135 0.2695 0.2250 0.1750 0.1180 0.0560 0.0145 0.3210 0.8210 nan
COCOfunction12-dim2-seed1-disth1-height1-radius0.1-freq100-amp0.1 kriging 0 0 1 2 1.0000 0.0000 1.0000 1.0000 1.0000 1.0000 1.0000 1.0000 1.0000 1.0000 1.0000 1.0000 1.0000 0.0000 0.0000 nan
COCOfunction12-dim2-seed1-disth2-height1-radius0.1-freq100-amp0.1 kriging 0 0 1 2 0.8725 0.0495 0.7470 0.5710 0.4060 0.2770 0.2400 0.2045 0.1740 0.1465 0.0990 0.0540 0.0130 0.3034 0.9227 nan
COCOfunction12-dim2-seed1-disth1-height1-radius0.1-freq10-amp0.5 kriging 0 0 1 2 1.0000 0.0000 1.0000 1.0000 1.0000 1.0000 1.0000 1.0000 1.0000 1.0000 1.0000 1.0000 1.0000 0.0000 0.0000 nan
COCOfunction12-dim2-seed1-disth2-height1-radius0.1-freq10-amp0.5 kriging 0 0 1 2 0.3020 0.2342 0.3340 0.2155 0.1475 0.1005 0.0290 0.0120 0.0015 0.0000 0.0000 0.0000 0.0000 0.1549 1.2999 nan
COCOfunction12-dim2-seed1-disth1-height1-radius0.1-freq100-amp0.5 kriging 0 0 1 2 0.9999 0.0002 1.0000 1.0000 1.0000 1.0000 1.0000 1.0000 1.0000 1.0000 1.0000 1.0000 1.0000 0.0000 0.0000 nan
COCOfunction12-dim2-seed1-disth2-height1-radius0.1-freq100-amp0.5 kriging 0 0 1 2 0.2110 0.2475 0.1680 0.1290 0.0965 0.0695 0.0385 0.0125 0.0000 0.0000 0.0000 0.0000 0.0000 0.1433 1.9508 nan
COCOfunction12-dim2-seed1-disth1-height1-radius0.1-freq10-amp1 kriging 0 0 1 2 1.0000 0.0000 1.0000 1.0000 1.0000 1.0000 1.0000 1.0000 1.0000 1.0000 1.0000 1.0000 1.0000 0.0000 0.0000 nan
COCOfunction12-dim2-seed1-disth2-height1-radius0.1-freq10-amp1 kriging 0 0 1 2 0.1193 0.4685 0.2595 0.0810 0.0100 0.0015 0.0005 0.0000 0.0000 0.0000 0.0000 0.0000 0.0000 0.0779 1.1711 nan
COCOfunction12-dim2-seed1-disth1-height1-radius0.1-freq100-amp1 kriging 0 0 1 2 0.9999 0.0005 1.0000 1.0000 1.0000 1.0000 1.0000 1.0000 1.0000 1.0000 1.0000 1.0000 1.0000 0.0000 0.0000 nan
COCOfunction12-dim2-seed1-disth2-height1-radius0.1-freq100-amp1 kriging 0 0 1 2 0.0609 0.4950 0.1050 0.0495 0.0015 0.0000 0.0000 0.0000 0.0000 0.0000 0.0000 0.0000 0.0000 0.0599 1.9011 nan
COCOfunction12-dim2-seed1-disth1-height1-radius0.1-freq10-amp1.5 kriging 0 0 1 2 1.0000 0.0000 1.0000 1.0000 1.0000 1.0000 1.0000 1.0000 1.0000 1.0000 1.0000 1.0000 1.0000 0.0000 0.0000 nan
COCOfunction12-dim2-seed1-disth2-height1-radius0.1-freq10-amp1.5 kriging 0 0 1 2 0.0686 0.7028 0.1680 0.0265 0.0015 0.0000 0.0000 0.0000 0.0000 0.0000 0.0000 0.0000 0.0000 0.0572 1.1268 nan
COCOfunction12-dim2-seed1-disth1-height1-radius0.1-freq100-amp1.5 kriging 0 0 1 2 0.9999 0.0008 1.0000 1.0000 1.0000 1.0000 1.0000 1.0000 1.0000 1.0000 1.0000 1.0000 1.0000 0.0000 0.0000 nan
COCOfunction12-dim2-seed1-disth2-height1-radius0.1-freq100-amp1.5 kriging 0 0 1 2 0.0272 0.7425 0.0515 0.0000 0.0000 0.0000 0.0000 0.0000 0.0000 0.0000 0.0000 0.0000 0.0000 0.0313 1.6056 nan
COCOfunction12-dim2-seed1-disth1-height1-radius0.1-freq10-amp2 kriging 0 0 1 2 0.9999 0.0001 1.0000 1.0000 1.0000 1.0000 1.0000 1.0000 1.0000 1.0000 1.0000 1.0000 1.0000 0.0000 0.0000 nan
COCOfunction12-dim2-seed1-disth2-height1-radius0.1-freq10-amp2 kriging 0 0 1 2 0.0474 0.9371 0.1415 0.0060 0.0000 0.0000 0.0000 0.0000 0.0000 0.0000 0.0000 0.0000 0.0000 0.0501 1.1333 nan
COCOfunction12-dim2-seed1-disth1-height1-radius0.1-freq100-amp2 kriging 0 0 1 2 0.9999 0.0011 1.0000 1.0000 1.0000 1.0000 1.0000 1.0000 1.0000 1.0000 1.0000 1.0000 1.0000 0.0000 0.0000 nan
COCOfunction12-dim2-seed1-disth2-height1-radius0.1-freq100-amp2 kriging 0 0 1 2 0.0150 0.9901 0.0000 0.0000 0.0000 0.0000 0.0000 0.0000 0.0000 0.0000 0.0000 0.0000 0.0000 0.0199 1.3510 nan
COCOfunction12-dim2-seed1-disth1-height1-radius0.15-freq10-amp0.1 kriging 0 0 1 2 1.0000 0.0000 1.0000 1.0000 1.0000 1.0000 1.0000 1.0000 1.0000 1.0000 1.0000 1.0000 1.0000 0.0000 0.0000 nan
COCOfunction12-dim2-seed1-disth2-height1-radius0.15-freq10-amp0.1 kriging 0 0 1 2 0.8993 0.0466 0.7440 0.6410 0.5340 0.4510 0.3245 0.2715 0.2265 0.1760 0.1205 0.0595 0.0175 0.3219 0.8196 nan
COCOfunction12-dim2-seed1-disth1-height1-radius0.15-freq100-amp0.1 kriging 0 0 1 2 0.9999 0.0002 1.0000 1.0000 1.0000 1.0000 1.0000 1.0000 1.0000 1.0000 1.0000 1.0000 1.0000 0.0000 0.0000 nan
COCOfunction12-dim2-seed1-disth2-height1-radius0.15-freq100-amp0.1 kriging 0 0 1 2 0.8734 0.0492 0.7470 0.5730 0.4120 0.2790 0.2415 0.2055 0.1750 0.1465 0.1005 0.0570 0.0170 0.3044 0.9213 nan
COCOfunction12-dim2-seed1-disth1-height1-radius0.15-freq10-amp0.5 kriging 0 0 1 2 1.0000 0.0000 1.0000 1.0000 1.0000 1.0000 1.0000 1.0000 1.0000 1.0000 1.0000 1.0000 1.0000 0.0000 0.0000 nan
COCOfunction12-dim2-seed1-disth2-height1-radius0.15-freq10-amp0.5 kriging 0 0 1 2 0.3039 0.2332 0.3350 0.2155 0.1495 0.1050 0.0340 0.0140 0.0030 0.0000 0.0000 0.0000 0.0000 0.1581 1.3064 nan
COCOfunction12-dim2-seed1-disth1-height1-radius0.15-freq100-amp0.5 kriging 0 0 1 2 0.9999 0.0010 1.0000 1.0000 1.0000 1.0000 1.0000 1.0000 1.0000 1.0000 1.0000 1.0000 1.0000 0.0000 0.0000 nan
COCOfunction12-dim2-seed1-disth2-height1-radius0.15-freq100-amp0.5 kriging 0 0 1 2 0.2122 0.2464 0.1685 0.1290 0.0990 0.0710 0.0425 0.0165 0.0005 0.0000 0.0000 0.0000 0.0000 0.1470 1.9632 nan
COCOfunction12-dim2-seed1-disth1-height1-radius0.15-freq10-amp1 kriging 0 0 1 2 0.9999 0.0001 1.0000 1.0000 1.0000 1.0000 1.0000 1.0000 1.0000 1.0000 1.0000 1.0000 1.0000 0.0000 0.0000 nan
COCOfunction12-dim2-seed1-disth2-height1-radius0.15-freq10-amp1 kriging 0 0 1 2 0.1202 0.4664 0.2635 0.0840 0.0120 0.0025 0.0005 0.0000 0.0000 0.0000 0.0000 0.0000 0.0000 0.0796 1.1783 nan
COCOfunction12-dim2-seed1-disth1-height1-radius0.15-freq100-amp1 kriging 0 0 1 2 0.9997 0.0020 1.0000 1.0000 1.0000 1.0000 1.0000 1.0000 1.0000 1.0000 1.0000 1.0000 1.0000 0.0002 0.0002 nan
COCOfunction12-dim2-seed1-disth2-height1-radius0.15-freq100-amp1 kriging 0 0 1 2 0.0612 0.4928 0.1060 0.0525 0.0045 0.0000 0.0000 0.0000 0.0000 0.0000 0.0000 0.0000 0.0000 0.0626 1.9340 nan
COCOfunction12-dim2-seed1-disth1-height1-radius0.15-freq10-amp1.5 kriging 0 0 1 2 0.9999 0.0002 1.0000 1.0000 1.0000 1.0000 1.0000 1.0000 1.0000 1.0000 1.0000 1.0000 1.0000 0.0000 0.0000 nan
COCOfunction12-dim2-seed1-disth2-height1-radius0.15-freq10-amp1.5 kriging 0 0 1 2 0.0692 0.6996 0.1730 0.0285 0.0015 0.0000 0.0000 0.0000 0.0000 0.0000 0.0000 0.0000 0.0000 0.0580 1.1292 nan
COCOfunction12-dim2-seed1-disth1-height1-radius0.15-freq100-amp1.5 kriging 0 0 1 2 0.9994 0.0031 1.0000 1.0000 1.0000 1.0000 1.0000 1.0000 1.0000 1.0000 1.0000 1.0000 1.0000 0.0006 0.0006 nan
COCOfunction12-dim2-seed1-disth2-height1-radius0.15-freq100-amp1.5 kriging 0 0 1 2 0.0273 0.7393 0.0560 0.0000 0.0000 0.0000 0.0000 0.0000 0.0000 0.0000 0.0000 0.0000 0.0000 0.0328 1.6419 nan
COCOfunction12-dim2-seed1-disth1-height1-radius0.15-freq10-amp2 kriging 0 0 1 2 0.9999 0.0002 1.0000 1.0000 1.0000 1.0000 1.0000 1.0000 1.0000 1.0000 1.0000 1.0000 1.0000 0.0000 0.0000 nan
COCOfunction12-dim2-seed1-disth2-height1-radius0.15-freq10-amp2 kriging 0 0 1 2 0.0478 0.9328 0.1430 0.0085 0.0000 0.0000 0.0000 0.0000 0.0000 0.0000 0.0000 0.0000 0.0000 0.0506 1.1338 nan
COCOfunction12-dim2-seed1-disth1-height1-radius0.15-freq100-amp2 kriging 0 0 1 2 0.9990 0.0041 1.0000 1.0000 1.0000 1.0000 1.0000 1.0000 1.0000 1.0000 1.0000 1.0000 1.0000 0.0011 0.0011 nan
COCOfunction12-dim2-seed1-disth2-height1-radius0.15-freq100-amp2 kriging 0 0 1 2 0.0150 0.9857 0.0010 0.0000 0.0000 0.0000 0.0000 0.0000 0.0000 0.0000 0.0000 0.0000 0.0000 0.0207 1.3795 nan
COCOfunction12-dim2-seed1-disth1-height1-radius0.2-freq10-amp0.1 kriging 0 0 1 2 1.0000 0.0000 1.0000 1.0000 1.0000 1.0000 1.0000 1.0000 1.0000 1.0000 1.0000 1.0000 1.0000 0.0000 0.0000 nan
COCOfunction12-dim2-seed1-disth2-height1-radius0.2-freq10-amp0.1 kriging 0 0 1 2 0.9003 0.0464 0.7445 0.6415 0.5365 0.4540 0.3355 0.2730 0.2290 0.1770 0.1225 0.0615 0.0205 0.3229 0.8180 nan
COCOfunction12-dim2-seed1-disth1-height1-radius0.2-freq100-amp0.1 kriging 0 0 1 2 0.9999 0.0002 1.0000 1.0000 1.0000 1.0000 1.0000 1.0000 1.0000 1.0000 1.0000 1.0000 1.0000 0.0000 0.0000 nan
COCOfunction12-dim2-seed1-disth2-height1-radius0.2-freq100-amp0.1 kriging 0 0 1 2 0.8745 0.0490 0.7470 0.5745 0.4200 0.2790 0.2420 0.2060 0.1755 0.1475 0.1020 0.0605 0.0200 0.3054 0.9198 nan
COCOfunction12-dim2-seed1-disth1-height1-radius0.2-freq10-amp0.5 kriging 0 0 1 2 1.0000 0.0000 1.0000 1.0000 1.0000 1.0000 1.0000 1.0000 1.0000 1.0000 1.0000 1.0000 1.0000 0.0000 0.0000 nan
COCOfunction12-dim2-seed1-disth2-height1-radius0.2-freq10-amp0.5 kriging 0 0 1 2 0.3060 0.2320 0.3365 0.2155 0.1535 0.1090 0.0455 0.0160 0.0045 0.0000 0.0000 0.0000 0.0000 0.1617 1.3136 nan
COCOfunction12-dim2-seed1-disth1-height1-radius0.2-freq100-amp0.5 kriging 0 0 1 2 0.9998 0.0014 1.0000 1.0000 1.0000 1.0000 1.0000 1.0000 1.0000 1.0000 1.0000 1.0000 1.0000 0.0001 0.0001 nan
COCOfunction12-dim2-seed1-disth2-height1-radius0.2-freq100-amp0.5 kriging 0 0 1 2 0.2135 0.2452 0.1685 0.1295 0.1005 0.0730 0.0490 0.0215 0.0020 0.0000 0.0000 0.0000 0.0000 0.1511 1.9762 nan
COCOfunction12-dim2-seed1-disth1-height1-radius0.2-freq10-amp1 kriging 0 0 1 2 0.9999 0.0001 1.0000 1.0000 1.0000 1.0000 1.0000 1.0000 1.0000 1.0000 1.0000 1.0000 1.0000 0.0000 0.0000 nan
COCOfunction12-dim2-seed1-disth2-height1-radius0.2-freq10-amp1 kriging 0 0 1 2 0.1212 0.4640 0.2665 0.0900 0.0155 0.0035 0.0015 0.0000 0.0000 0.0000 0.0000 0.0000 0.0000 0.0816 1.1869 nan
COCOfunction12-dim2-seed1-disth1-height1-radius0.2-freq100-amp1 kriging 0 0 1 2 0.9995 0.0028 1.0000 1.0000 1.0000 1.0000 1.0000 1.0000 1.0000 1.0000 1.0000 1.0000 1.0000 0.0005 0.0005 nan
COCOfunction12-dim2-seed1-disth2-height1-radius0.2-freq100-amp1 kriging 0 0 1 2 0.0616 0.4904 0.1075 0.0570 0.0080 0.0000 0.0000 0.0000 0.0000 0.0000 0.0000 0.0000 0.0000 0.0658 1.9714 nan
COCOfunction12-dim2-seed1-disth1-height1-radius0.2-freq10-amp1.5 kriging 0 0 1 2 0.9999 0.0002 1.0000 1.0000 1.0000 1.0000 1.0000 1.0000 1.0000 1.0000 1.0000 1.0000 1.0000 0.0000 0.0000 nan
COCOfunction12-dim2-seed1-disth2-height1-radius0.2-freq10-amp1.5 kriging 0 0 1 2 0.0698 0.6961 0.1770 0.0295 0.0015 0.0005 0.0000 0.0000 0.0000 0.0000 0.0000 0.0000 0.0000 0.0590 1.1324 nan
COCOfunction12-dim2-seed1-disth1-height1-radius0.2-freq100-amp1.5 kriging 0 0 1 2 0.9989 0.0042 1.0000 1.0000 1.0000 1.0000 1.0000 1.0000 1.0000 1.0000 1.0000 1.0000 1.0000 0.0011 0.0011 nan
COCOfunction12-dim2-seed1-disth2-height1-radius0.2-freq100-amp1.5 kriging 0 0 1 2 0.0274 0.7356 0.0615 0.0000 0.0000 0.0000 0.0000 0.0000 0.0000 0.0000 0.0000 0.0000 0.0000 0.0347 1.6850 nan
COCOfunction12-dim2-seed1-disth1-height1-radius0.2-freq10-amp2 kriging 0 0 1 2 0.9999 0.0003 1.0000 1.0000 1.0000 1.0000 1.0000 1.0000 1.0000 1.0000 1.0000 1.0000 1.0000 0.0000 0.0000 nan
COCOfunction12-dim2-seed1-disth2-height1-radius0.2-freq10-amp2 kriging 0 0 1 2 0.0482 0.9281 0.1435 0.0100 0.0005 0.0000 0.0000 0.0000 0.0000 0.0000 0.0000 0.0000 0.0000 0.0512 1.1346 nan
COCOfunction12-dim2-seed1-disth1-height1-radius0.2-freq100-amp2 kriging 0 0 1 2 0.9981 0.0056 1.0000 1.0000 1.0000 1.0000 1.0000 1.0000 1.0000 1.0000 1.0000 1.0000 1.0000 0.0020 0.0020 nan
COCOfunction12-dim2-seed1-disth2-height1-radius0.2-freq100-amp2 kriging 0 0 1 2 0.0151 0.9809 0.0045 0.0000 0.0000 0.0000 0.0000 0.0000 0.0000 0.0000 0.0000 0.0000 0.0000 0.0217 1.4148 nan
COCOfunction12-dim2-seed1-disth1-height1-radius0.25-freq10-amp0.1 kriging 0 0 1 2 1.0000 0.0000 1.0000 1.0000 1.0000 1.0000 1.0000 1.0000 1.0000 1.0000 1.0000 1.0000 1.0000 0.0000 0.0000 nan
COCOfunction12-dim2-seed1-disth2-height1-radius0.25-freq10-amp0.1 kriging 0 0 1 2 0.9013 0.0461 0.7455 0.6435 0.5380 0.4605 0.3420 0.2740 0.2310 0.1790 0.1250 0.0640 0.0235 0.3240 0.8162 nan
COCOfunction12-dim2-seed1-disth1-height1-radius0.25-freq100-amp0.1 kriging 0 0 1 2 0.9999 0.0003 1.0000 1.0000 1.0000 1.0000 1.0000 1.0000 1.0000 1.0000 1.0000 1.0000 1.0000 0.0000 0.0000 nan
COCOfunction12-dim2-seed1-disth2-height1-radius0.25-freq100-amp0.1 kriging 0 0 1 2 0.8756 0.0487 0.7465 0.5755 0.4280 0.2815 0.2425 0.2075 0.1780 0.1485 0.1050 0.0625 0.0230 0.3065 0.9180 nan
COCOfunction12-dim2-seed1-disth1-height1-radius0.25-freq10-amp0.5 kriging 0 0 1 2 0.9999 0.0002 1.0000 1.0000 1.0000 1.0000 1.0000 1.0000 1.0000 1.0000 1.0000 1.0000 1.0000 0.0000 0.0000 nan
COCOfunction12-dim2-seed1-disth2-height1-radius0.25-freq10-amp0.5 kriging 0 0 1 2 0.3084 0.2307 0.3375 0.2155 0.1565 0.1115 0.0540 0.0175 0.0060 0.0005 0.0000 0.0000 0.0000 0.1659 1.3215 nan
COCOfunction12-dim2-seed1-disth1-height1-radius0.25-freq100-amp0.5 kriging 0 0 1 2 0.9998 0.0017 1.0000 1.0000 1.0000 1.0000 1.0000 1.0000 1.0000 1.0000 1.0000 1.0000 1.0000 0.0002 0.0002 nan
COCOfunction12-dim2-seed1-disth2-height1-radius0.25-freq100-amp0.5 kriging 0 0 1 2 0.2150 0.2438 0.1695 0.1310 0.1015 0.0770 0.0525 0.0245 0.0045 0.0000 0.0000 0.0000 0.0000 0.1556 1.9897 nan
COCOfunction12-dim2-seed1-disth1-height1-radius0.25-freq10-amp1 kriging 0 0 1 2 0.9999 0.0004 1.0000 1.0000 1.0000 1.0000 1.0000 1.0000 1.0000 1.0000 1.0000 1.0000 1.0000 0.0000 0.0000 nan
COCOfunction12-dim2-seed1-disth2-height1-radius0.25-freq10-amp1 kriging 0 0 1 2 0.1224 0.4614 0.2695 0.0970 0.0185 0.0045 0.0015 0.0000 0.0000 0.0000 0.0000 0.0000 0.0000 0.0841 1.1971 nan
COCOfunction12-dim2-seed1-disth1-height1-radius0.25-freq100-amp1 kriging 0 0 1 2 0.9993 0.0034 1.0000 1.0000 1.0000 1.0000 1.0000 1.0000 1.0000 1.0000 1.0000 1.0000 1.0000 0.0007 0.0007 nan
COCOfunction12-dim2-seed1-disth2-height1-radius0.25-freq100-amp1 kriging 0 0 1 2 0.0620 0.4877 0.1100 0.0590 0.0175 0.0015 0.0000 0.0000 0.0000 0.0000 0.0000 0.0000 0.0000 0.0695 2.0127 nan
COCOfunction12-dim2-seed1-disth1-height1-radius0.25-freq10-amp1.5 kriging 0 0 1 2 0.9999 0.0007 1.0000 1.0000 1.0000 1.0000 1.0000 1.0000 1.0000 1.0000 1.0000 1.0000 1.0000 0.0000 0.0000 nan
COCOfunction12-dim2-seed1-disth2-height1-radius0.25-freq10-amp1.5 kriging 0 0 1 2 0.0704 0.6921 0.1790 0.0310 0.0015 0.0005 0.0000 0.0000 0.0000 0.0000 0.0000 0.0000 0.0000 0.0602 1.1365 nan
COCOfunction12-dim2-seed1-disth1-height1-radius0.25-freq100-amp1.5 kriging 0 0 1 2 0.9984 0.0051 1.0000 1.0000 1.0000 1.0000 1.0000 1.0000 1.0000 1.0000 1.0000 1.0000 1.0000 0.0017 0.0017 nan
COCOfunction12-dim2-seed1-disth2-height1-radius0.25-freq100-amp1.5 kriging 0 0 1 2 0.0275 0.7316 0.0650 0.0015 0.0000 0.0000 0.0000 0.0000 0.0000 0.0000 0.0000 0.0000 0.0000 0.0369 1.7351 nan
COCOfunction12-dim2-seed1-disth1-height1-radius0.25-freq10-amp2 kriging 0 0 1 2 0.9999 0.0009 1.0000 1.0000 1.0000 1.0000 1.0000 1.0000 1.0000 1.0000 1.0000 1.0000 1.0000 0.0000 0.0000 nan
COCOfunction12-dim2-seed1-disth2-height1-radius0.25-freq10-amp2 kriging 0 0 1 2 0.0487 0.9228 0.1460 0.0120 0.0005 0.0000 0.0000 0.0000 0.0000 0.0000 0.0000 0.0000 0.0000 0.0519 1.1359 nan
COCOfunction12-dim2-seed1-disth1-height1-radius0.25-freq100-amp2 kriging 0 0 1 2 0.9973 0.0068 1.0000 1.0000 1.0000 1.0000 1.0000 1.0000 1.0000 1.0000 1.0000 1.0000 0.9975 0.0030 0.0030 nan
COCOfunction12-dim2-seed1-disth2-height1-radius0.25-freq100-amp2 kriging 0 0 1 2 0.0151 0.9755 0.0135 0.0000 0.0000 0.0000 0.0000 0.0000 0.0000 0.0000 0.0000 0.0000 0.0000 0.0230 1.4574 nan
