instance technique highFiBudget lowFiBudget seed dimension CC RRMSE LCC_0.1 LCC_0.2 LCC_0.3 LCC_0.4 LCC_0.5 LCC_0.6 LCC_0.7 LCC_0.8 LCC_0.9 LCC_0.95 LCC_0.975 LCC_sd LCC_coeff performance
COCOfunction10-dim10-seed1-dists1-centres9-radius0.2-freq10-amp0.1 kriging 0 0 1 10 0.9952 0.0076 0.9997 0.9993 0.9982 0.9970 0.9951 0.9905 0.9786 0.9524 0.8740 0.7631 0.6123 0.0806 0.0845 nan
COCOfunction10-dim10-seed1-dists2-centres9-radius0.2-freq10-amp0.1 kriging 0 0 1 10 0.9997 0.0017 1.0000 0.9999 0.9999 0.9999 0.9998 0.9998 0.9995 0.9987 0.9960 0.9889 0.9730 0.0170 0.0170 nan
COCOfunction10-dim10-seed1-dists1-centres9-radius0.2-freq100-amp0.1 kriging 0 0 1 10 0.9937 0.0080 0.9987 0.9980 0.9967 0.9934 0.9894 0.9820 0.9644 0.9238 0.8261 0.6911 0.5110 0.1008 0.1075 nan
COCOfunction10-dim10-seed1-dists2-centres9-radius0.2-freq100-amp0.1 kriging 0 0 1 10 0.9995 0.0021 0.9999 0.9999 0.9999 0.9999 0.9999 0.9998 0.9991 0.9978 0.9930 0.9822 0.9617 0.0212 0.0213 nan
COCOfunction10-dim10-seed1-dists1-centres9-radius0.2-freq10-amp0.5 kriging 0 0 1 10 0.8927 0.0381 0.9450 0.8983 0.8444 0.7805 0.7035 0.6173 0.4967 0.3369 0.1465 0.0556 0.0207 0.2687 0.4287 nan
COCOfunction10-dim10-seed1-dists2-centres9-radius0.2-freq10-amp0.5 kriging 0 0 1 10 0.9928 0.0086 0.9989 0.9973 0.9946 0.9912 0.9854 0.9761 0.9620 0.9387 0.8931 0.8363 0.7749 0.1079 0.1123 nan
COCOfunction10-dim10-seed1-dists1-centres9-radius0.2-freq100-amp0.5 kriging 0 0 1 10 0.8644 0.0404 0.9341 0.8714 0.7949 0.7172 0.6283 0.5292 0.4044 0.2531 0.0998 0.0404 0.0167 0.2731 0.4766 nan
COCOfunction10-dim10-seed1-dists2-centres9-radius0.2-freq100-amp0.5 kriging 0 0 1 10 0.9886 0.0108 0.9977 0.9954 0.9913 0.9840 0.9756 0.9637 0.9480 0.9218 0.8743 0.8250 0.7640 0.1285 0.1350 nan
COCOfunction10-dim10-seed1-dists1-centres9-radius0.2-freq10-amp1 kriging 0 0 1 10 0.6716 0.0762 0.8200 0.6992 0.5826 0.4586 0.3425 0.2388 0.1450 0.0733 0.0228 0.0087 0.0033 0.2620 0.6795 nan
COCOfunction10-dim10-seed1-dists2-centres9-radius0.2-freq10-amp1 kriging 0 0 1 10 0.9720 0.0172 0.9941 0.9857 0.9743 0.9588 0.9413 0.9187 0.8905 0.8508 0.7819 0.7162 0.6592 0.1846 0.2026 nan
COCOfunction10-dim10-seed1-dists1-centres9-radius0.2-freq100-amp1 kriging 0 0 1 10 0.6148 0.0809 0.7839 0.6379 0.5080 0.3843 0.2732 0.1831 0.1066 0.0547 0.0191 0.0072 0.0028 0.2523 0.7379 nan
COCOfunction10-dim10-seed1-dists2-centres9-radius0.2-freq100-amp1 kriging 0 0 1 10 0.9561 0.0217 0.9892 0.9751 0.9592 0.9429 0.9237 0.9002 0.8726 0.8370 0.7724 0.7065 0.6499 0.2082 0.2319 nan
COCOfunction10-dim10-seed1-dists1-centres9-radius0.2-freq10-amp1.5 kriging 0 0 1 10 0.4719 0.1143 0.6910 0.5111 0.3690 0.2522 0.1648 0.1020 0.0548 0.0235 0.0085 0.0028 0.0016 0.2261 0.8618 nan
COCOfunction10-dim10-seed1-dists2-centres9-radius0.2-freq10-amp1.5 kriging 0 0 1 10 0.9391 0.0258 0.9842 0.9667 0.9449 0.9201 0.8941 0.8637 0.8280 0.7801 0.7119 0.6522 0.5999 0.2354 0.2711 nan
COCOfunction10-dim10-seed1-dists1-centres9-radius0.2-freq100-amp1.5 kriging 0 0 1 10 0.4153 0.1214 0.6479 0.4571 0.3075 0.2027 0.1269 0.0779 0.0439 0.0211 0.0072 0.0027 0.0012 0.2150 0.9216 nan
COCOfunction10-dim10-seed1-dists2-centres9-radius0.2-freq100-amp1.5 kriging 0 0 1 10 0.9064 0.0325 0.9732 0.9499 0.9251 0.9012 0.8753 0.8515 0.8158 0.7721 0.7008 0.6439 0.5975 0.2566 0.3001 nan
COCOfunction10-dim10-seed1-dists1-centres9-radius0.2-freq10-amp2 kriging 0 0 1 10 0.3307 0.1524 0.5752 0.3763 0.2391 0.1491 0.0913 0.0508 0.0250 0.0114 0.0040 0.0022 0.0008 0.1948 1.0021 nan
COCOfunction10-dim10-seed1-dists2-centres9-radius0.2-freq10-amp2 kriging 0 0 1 10 0.8967 0.0344 0.9718 0.9436 0.9142 0.8826 0.8507 0.8195 0.7782 0.7333 0.6644 0.6090 0.5631 0.2712 0.3256 nan
COCOfunction10-dim10-seed1-dists1-centres9-radius0.2-freq100-amp2 kriging 0 0 1 10 0.2857 0.1619 0.5377 0.3273 0.1998 0.1212 0.0731 0.0427 0.0235 0.0112 0.0036 0.0017 0.0006 0.1861 1.0614 nan
COCOfunction10-dim10-seed1-dists2-centres9-radius0.2-freq100-amp2 kriging 0 0 1 10 0.8449 0.0433 0.9581 0.9241 0.8941 0.8666 0.8397 0.8058 0.7675 0.7191 0.6556 0.6063 0.5664 0.2893 0.3529 nan
COCOfunction10-dim10-seed1-dists1-centres9-radius0.25-freq10-amp0.1 kriging 0 0 1 10 0.9981 0.0046 1.0000 0.9999 0.9998 0.9995 0.9989 0.9981 0.9952 0.9872 0.9593 0.9056 0.8199 0.0452 0.0461 nan
COCOfunction10-dim10-seed1-dists2-centres9-radius0.25-freq10-amp0.1 kriging 0 0 1 10 0.9981 0.0043 0.9998 0.9997 0.9993 0.9989 0.9986 0.9978 0.9950 0.9869 0.9592 0.9128 0.8354 0.0481 0.0490 nan
COCOfunction10-dim10-seed1-dists1-centres9-radius0.25-freq100-amp0.1 kriging 0 0 1 10 0.9976 0.0049 0.9997 0.9994 0.9991 0.9986 0.9974 0.9956 0.9915 0.9795 0.9407 0.8740 0.7741 0.0588 0.0604 nan
COCOfunction10-dim10-seed1-dists2-centres9-radius0.25-freq100-amp0.1 kriging 0 0 1 10 0.9975 0.0050 0.9999 0.9999 0.9997 0.9986 0.9971 0.9944 0.9894 0.9777 0.9420 0.8822 0.7953 0.0593 0.0608 nan
COCOfunction10-dim10-seed1-dists1-centres9-radius0.25-freq10-amp0.5 kriging 0 0 1 10 0.9549 0.0232 0.9801 0.9619 0.9383 0.9085 0.8733 0.8242 0.7566 0.6548 0.4598 0.2779 0.1532 0.2320 0.2934 nan
COCOfunction10-dim10-seed1-dists2-centres9-radius0.25-freq10-amp0.5 kriging 0 0 1 10 0.9563 0.0219 0.9905 0.9761 0.9550 0.9249 0.8871 0.8416 0.7815 0.6920 0.5440 0.4174 0.3209 0.2229 0.2710 nan
COCOfunction10-dim10-seed1-dists1-centres9-radius0.25-freq100-amp0.5 kriging 0 0 1 10 0.9453 0.0245 0.9782 0.9550 0.9270 0.8899 0.8426 0.7789 0.7013 0.5914 0.3984 0.2330 0.1252 0.2431 0.3196 nan
COCOfunction10-dim10-seed1-dists2-centres9-radius0.25-freq100-amp0.5 kriging 0 0 1 10 0.9408 0.0254 0.9811 0.9579 0.9303 0.8948 0.8541 0.8001 0.7329 0.6398 0.4958 0.3871 0.2993 0.2494 0.3150 nan
COCOfunction10-dim10-seed1-dists1-centres9-radius0.25-freq10-amp1 kriging 0 0 1 10 0.8393 0.0465 0.9219 0.8619 0.8022 0.7301 0.6520 0.5551 0.4464 0.3133 0.1635 0.0838 0.0436 0.2900 0.4876 nan
COCOfunction10-dim10-seed1-dists2-centres9-radius0.25-freq10-amp1 kriging 0 0 1 10 0.8466 0.0439 0.9469 0.8887 0.8266 0.7652 0.6982 0.6207 0.5380 0.4468 0.3302 0.2527 0.1975 0.3057 0.4601 nan
COCOfunction10-dim10-seed1-dists1-centres9-radius0.25-freq100-amp1 kriging 0 0 1 10 0.8124 0.0490 0.9131 0.8408 0.7629 0.6847 0.5969 0.5050 0.3972 0.2716 0.1372 0.0733 0.0400 0.2938 0.5236 nan
COCOfunction10-dim10-seed1-dists2-centres9-radius0.25-freq100-amp1 kriging 0 0 1 10 0.7985 0.0508 0.9200 0.8509 0.7854 0.7149 0.6411 0.5690 0.4918 0.4149 0.3092 0.2401 0.1942 0.3244 0.5173 nan
COCOfunction10-dim10-seed1-dists1-centres9-radius0.25-freq10-amp1.5 kriging 0 0 1 10 0.6959 0.0698 0.8501 0.7554 0.6565 0.5550 0.4537 0.3531 0.2561 0.1641 0.0792 0.0414 0.0225 0.2933 0.6366 nan
COCOfunction10-dim10-seed1-dists2-centres9-radius0.25-freq10-amp1.5 kriging 0 0 1 10 0.7119 0.0658 0.8898 0.7926 0.7096 0.6291 0.5522 0.4798 0.4082 0.3325 0.2483 0.1921 0.1558 0.3350 0.5982 nan
COCOfunction10-dim10-seed1-dists1-centres9-radius0.25-freq100-amp1.5 kriging 0 0 1 10 0.6586 0.0735 0.8360 0.7203 0.6135 0.5143 0.4129 0.3206 0.2287 0.1423 0.0708 0.0374 0.0206 0.2920 0.6725 nan
COCOfunction10-dim10-seed1-dists2-centres9-radius0.25-freq100-amp1.5 kriging 0 0 1 10 0.6370 0.0762 0.8515 0.7455 0.6522 0.5721 0.5006 0.4397 0.3754 0.3094 0.2355 0.1888 0.1562 0.3483 0.6659 nan
COCOfunction10-dim10-seed1-dists1-centres9-radius0.25-freq10-amp2 kriging 0 0 1 10 0.5591 0.0930 0.7815 0.6437 0.5253 0.4144 0.3200 0.2346 0.1605 0.0994 0.0472 0.0250 0.0135 0.2814 0.7626 nan
COCOfunction10-dim10-seed1-dists2-centres9-radius0.25-freq10-amp2 kriging 0 0 1 10 0.5833 0.0878 0.8316 0.7120 0.6131 0.5273 0.4569 0.3924 0.3316 0.2722 0.2039 0.1628 0.1367 0.3454 0.7081 nan
COCOfunction10-dim10-seed1-dists1-centres9-radius0.25-freq100-amp2 kriging 0 0 1 10 0.5208 0.0981 0.7625 0.6135 0.4948 0.3876 0.2950 0.2110 0.1435 0.0863 0.0446 0.0238 0.0140 0.2776 0.7920 nan
COCOfunction10-dim10-seed1-dists2-centres9-radius0.25-freq100-amp2 kriging 0 0 1 10 0.4957 0.1016 0.7830 0.6510 0.5538 0.4782 0.4201 0.3585 0.3075 0.2542 0.1992 0.1608 0.1384 0.3556 0.7851 nan
COCOfunction11-dim1-seed1-dists1-centres1-radius0.025-freq10-amp0.1 kriging 0 0 1 1 0.9977 0.0135 0.8710 0.8400 0.8160 0.7950 0.7770 0.7590 0.7400 0.7160 0.6770 0.6410 0.6100 0.3618 0.4681 nan
COCOfunction11-dim1-seed1-dists2-centres1-radius0.025-freq10-amp0.1 kriging 0 0 1 1 0.9994 0.0065 1.0000 1.0000 1.0000 1.0000 1.0000 1.0000 1.0000 1.0000 1.0000 1.0000 1.0000 0.0072 0.0072 nan
COCOfunction11-dim1-seed1-dists1-centres1-radius0.025-freq100-amp0.1 kriging 0 0 1 1 0.9975 0.0141 1.0000 0.8520 0.8280 0.8090 0.7910 0.7730 0.7520 0.7240 0.6800 0.6400 0.6010 0.3252 0.4094 nan
COCOfunction11-dim1-seed1-dists2-centres1-radius0.025-freq100-amp0.1 kriging 0 0 1 1 0.9993 0.0070 1.0000 1.0000 1.0000 1.0000 1.0000 1.0000 1.0000 1.0000 1.0000 1.0000 0.9500 0.0089 0.0090 nan
COCOfunction11-dim1-seed1-dists1-centres1-radius0.025-freq10-amp0.5 kriging 0 0 1 1 0.9482 0.0676 0.7230 0.6690 0.6530 0.6400 0.6280 0.6150 0.6010 0.5830 0.2670 0.1620 0.0550 0.4060 0.6914 nan
COCOfunction11-dim1-seed1-dists2-centres1-radius0.025-freq10-amp0.5 kriging 0 0 1 1 0.9871 0.0325 1.0000 1.0000 1.0000 1.0000 1.0000 1.0000 0.8370 0.7580 0.6810 0.6410 0.6190 0.1381 0.1524 nan
COCOfunction11-dim1-seed1-dists1-centres1-radius0.025-freq100-amp0.5 kriging 0 0 1 1 0.9412 0.0708 0.7420 0.7040 0.6770 0.6520 0.6300 0.6080 0.5840 0.4760 0.2390 0.1250 0.0000 0.3847 0.6698 nan
COCOfunction11-dim1-seed1-dists2-centres1-radius0.025-freq100-amp0.5 kriging 0 0 1 1 0.9846 0.0354 1.0000 1.0000 1.0000 1.0000 1.0000 0.9050 0.8000 0.7300 0.6640 0.6320 0.6130 0.1564 0.1753 nan
COCOfunction11-dim1-seed1-dists1-centres1-radius0.025-freq10-amp1 kriging 0 0 1 1 0.8256 0.1352 0.6960 0.6270 0.6140 0.6030 0.5920 0.5780 0.2770 0.2030 0.0840 0.0000 0.0000 0.3452 0.7491 nan
COCOfunction11-dim1-seed1-dists2-centres1-radius0.025-freq10-amp1 kriging 0 0 1 1 0.9504 0.0651 1.0000 1.0000 0.8530 0.8070 0.7660 0.7290 0.6880 0.6530 0.6210 0.6070 0.5980 0.2964 0.3752 nan
COCOfunction11-dim1-seed1-dists1-centres1-radius0.025-freq100-amp1 kriging 0 0 1 1 0.8007 0.1416 0.6800 0.6370 0.6060 0.5800 0.4790 0.3740 0.2300 0.1460 0.0000 0.0000 0.0000 0.3227 0.7835 nan
COCOfunction11-dim1-seed1-dists2-centres1-radius0.025-freq100-amp1 kriging 0 0 1 1 0.9413 0.0709 1.0000 1.0000 0.8330 0.7830 0.7390 0.7010 0.6670 0.6390 0.6160 0.6020 0.5940 0.3102 0.4007 nan
COCOfunction11-dim1-seed1-dists1-centres1-radius0.025-freq10-amp1.5 kriging 0 0 1 1 0.6848 0.2028 0.6830 0.6100 0.5990 0.5870 0.2980 0.2440 0.1900 0.1010 0.0000 0.0000 0.0000 0.2887 0.7938 nan
COCOfunction11-dim1-seed1-dists2-centres1-radius0.025-freq10-amp1.5 kriging 0 0 1 1 0.8949 0.0976 0.8890 0.8170 0.7770 0.7400 0.7040 0.6710 0.6440 0.6240 0.6070 0.5980 0.5890 0.3684 0.5060 nan
COCOfunction11-dim1-seed1-dists1-centres1-radius0.025-freq100-amp1.5 kriging 0 0 1 1 0.6419 0.2124 0.6420 0.5940 0.4920 0.3760 0.2360 0.1680 0.1020 0.0000 0.0000 0.0000 0.0000 0.2595 0.8720 nan
COCOfunction11-dim1-seed1-dists2-centres1-radius0.025-freq100-amp1.5 kriging 0 0 1 1 0.8770 0.1063 0.8880 0.8000 0.7520 0.7110 0.6770 0.6510 0.6310 0.6170 0.6020 0.5930 0.5870 0.3774 0.5284 nan
COCOfunction11-dim1-seed1-dists1-centres1-radius0.025-freq10-amp2 kriging 0 0 1 1 0.5578 0.2705 0.6760 0.6010 0.4250 0.2780 0.2410 0.1940 0.1040 0.0000 0.0000 0.0000 0.0000 0.2467 0.8395 nan
COCOfunction11-dim1-seed1-dists2-centres1-radius0.025-freq10-amp2 kriging 0 0 1 1 0.8272 0.1302 0.8250 0.7790 0.7390 0.7020 0.6670 0.6420 0.6250 0.6100 0.5990 0.5920 0.5820 0.4005 0.5761 nan
COCOfunction11-dim1-seed1-dists1-centres1-radius0.025-freq100-amp2 kriging 0 0 1 1 0.5030 0.2832 0.6140 0.4870 0.3080 0.2020 0.1410 0.0700 0.0000 0.0000 0.0000 0.0000 0.0000 0.2059 0.9401 nan
COCOfunction11-dim1-seed1-dists2-centres1-radius0.025-freq100-amp2 kriging 0 0 1 1 0.8005 0.1418 0.8160 0.7570 0.7100 0.6730 0.6470 0.6290 0.6170 0.6050 0.5950 0.5900 0.5820 0.4086 0.5990 nan
COCOfunction11-dim1-seed1-dists1-centres1-radius0.05-freq10-amp0.1 kriging 0 0 1 1 0.9979 0.0128 0.8740 0.8450 0.8200 0.8010 0.7820 0.7650 0.7460 0.7220 0.6840 0.6490 0.6170 0.3589 0.4610 nan
COCOfunction11-dim1-seed1-dists2-centres1-radius0.05-freq10-amp0.1 kriging 0 0 1 1 0.9991 0.0084 1.0000 1.0000 1.0000 1.0000 1.0000 1.0000 1.0000 1.0000 1.0000 1.0000 0.8370 0.0121 0.0122 nan
COCOfunction11-dim1-seed1-dists1-centres1-radius0.05-freq100-amp0.1 kriging 0 0 1 1 0.9977 0.0134 1.0000 0.8560 0.8320 0.8120 0.7950 0.7770 0.7570 0.7300 0.6880 0.6480 0.6120 0.3217 0.4022 nan
COCOfunction11-dim1-seed1-dists2-centres1-radius0.05-freq100-amp0.1 kriging 0 0 1 1 0.9988 0.0094 1.0000 1.0000 1.0000 1.0000 1.0000 1.0000 1.0000 1.0000 1.0000 1.0000 0.7650 0.0163 0.0165 nan
COCOfunction11-dim1-seed1-dists1-centres1-radius0.05-freq10-amp0.5 kriging 0 0 1 1 0.9528 0.0642 0.7310 0.6750 0.6590 0.6450 0.6330 0.6200 0.6060 0.5890 0.3190 0.1970 0.1240 0.4105 0.6826 nan
COCOfunction11-dim1-seed1-dists2-centres1-radius0.05-freq10-amp0.5 kriging 0 0 1 1 0.9783 0.0424 1.0000 1.0000 1.0000 1.0000 0.8920 0.8170 0.7630 0.7080 0.6500 0.6210 0.6000 0.1963 0.2270 nan
COCOfunction11-dim1-seed1-dists1-centres1-radius0.05-freq100-amp0.5 kriging 0 0 1 1 0.9465 0.0673 0.7460 0.7090 0.6820 0.6600 0.6380 0.6170 0.5940 0.5090 0.2910 0.1720 0.0870 0.3912 0.6620 nan
COCOfunction11-dim1-seed1-dists2-centres1-radius0.05-freq100-amp0.5 kriging 0 0 1 1 0.9726 0.0474 1.0000 1.0000 1.0000 1.0000 0.8630 0.7720 0.7170 0.6730 0.6340 0.6060 0.5850 0.2147 0.2542 nan
COCOfunction11-dim1-seed1-dists1-centres1-radius0.05-freq10-amp1 kriging 0 0 1 1 0.8389 0.1285 0.7010 0.6310 0.6170 0.6070 0.5960 0.5840 0.3180 0.2370 0.1440 0.0200 0.0000 0.3620 0.7455 nan
COCOfunction11-dim1-seed1-dists2-centres1-radius0.05-freq10-amp1 kriging 0 0 1 1 0.9184 0.0849 1.0000 0.8430 0.7980 0.7610 0.7250 0.6890 0.6570 0.6300 0.6020 0.5840 0.5730 0.3458 0.4637 nan
COCOfunction11-dim1-seed1-dists1-centres1-radius0.05-freq100-amp1 kriging 0 0 1 1 0.8164 0.1346 0.6840 0.6420 0.6130 0.5900 0.5120 0.4190 0.2840 0.1920 0.0940 0.0000 0.0000 0.3430 0.7780 nan
COCOfunction11-dim1-seed1-dists2-centres1-radius0.05-freq100-amp1 kriging 0 0 1 1 0.8987 0.0948 1.0000 0.8490 0.7550 0.7070 0.6770 0.6540 0.6340 0.6140 0.5890 0.5720 0.5610 0.3513 0.4834 nan
COCOfunction11-dim1-seed1-dists1-centres1-radius0.05-freq10-amp1.5 kriging 0 0 1 1 0.7046 0.1928 0.6870 0.6130 0.6010 0.5900 0.3350 0.2640 0.2200 0.1580 0.0000 0.0000 0.0000 0.3139 0.7961 nan
COCOfunction11-dim1-seed1-dists2-centres1-radius0.05-freq10-amp1.5 kriging 0 0 1 1 0.8333 0.1273 0.8290 0.7820 0.7430 0.7050 0.6700 0.6430 0.6230 0.6030 0.5830 0.5730 0.5600 0.3963 0.5713 nan
COCOfunction11-dim1-seed1-dists1-centres1-radius0.05-freq100-amp1.5 kriging 0 0 1 1 0.6650 0.2020 0.6480 0.6030 0.5240 0.4210 0.2900 0.2170 0.1570 0.0920 0.0000 0.0000 0.0000 0.2915 0.8763 nan
COCOfunction11-dim1-seed1-dists2-centres1-radius0.05-freq100-amp1.5 kriging 0 0 1 1 0.7975 0.1422 0.8380 0.7270 0.6830 0.6570 0.6390 0.6230 0.6070 0.5900 0.5710 0.5600 0.5480 0.4029 0.5984 nan
COCOfunction11-dim1-seed1-dists1-centres1-radius0.05-freq10-amp2 kriging 0 0 1 1 0.5802 0.2571 0.6790 0.6040 0.5920 0.3070 0.2560 0.2240 0.1720 0.0950 0.0000 0.0000 0.0000 0.2788 0.8540 nan
COCOfunction11-dim1-seed1-dists2-centres1-radius0.05-freq10-amp2 kriging 0 0 1 1 0.7375 0.1698 0.7980 0.7510 0.7080 0.6690 0.6400 0.6210 0.6040 0.5880 0.5730 0.5630 0.5530 0.4169 0.6255 nan
COCOfunction11-dim1-seed1-dists1-centres1-radius0.05-freq100-amp2 kriging 0 0 1 1 0.5286 0.2693 0.6200 0.5200 0.3870 0.2540 0.1910 0.1390 0.0830 0.0000 0.0000 0.0000 0.0000 0.2462 0.9630 nan
COCOfunction11-dim1-seed1-dists2-centres1-radius0.05-freq100-amp2 kriging 0 0 1 1 0.6888 0.1896 0.7540 0.6840 0.6540 0.6330 0.6180 0.6050 0.5910 0.5760 0.5630 0.5510 0.5430 0.4271 0.6629 nan
COCOfunction11-dim1-seed1-dists1-centres1-radius0.1-freq10-amp0.1 kriging 0 0 1 1 0.9983 0.0115 0.8800 0.8530 0.8300 0.8120 0.7940 0.7770 0.7590 0.7360 0.7010 0.6660 0.6340 0.3523 0.4455 nan
COCOfunction11-dim1-seed1-dists2-centres1-radius0.1-freq10-amp0.1 kriging 0 0 1 1 0.9984 0.0115 1.0000 1.0000 1.0000 1.0000 1.0000 1.0000 1.0000 1.0000 1.0000 0.9000 0.7410 0.0196 0.0199 nan
COCOfunction11-dim1-seed1-dists1-centres1-radius0.1-freq100-amp0.1 kriging 0 0 1 1 0.9981 0.0120 1.0000 0.8650 0.8390 0.8200 0.8030 0.7870 0.7680 0.7430 0.7040 0.6680 0.6330 0.3134 0.3860 nan
COCOfunction11-dim1-seed1-dists2-centres1-radius0.1-freq100-amp0.1 kriging 0 0 1 1 0.9978 0.0130 1.0000 1.0000 1.0000 1.0000 1.0000 1.0000 1.0000 1.0000 1.0000 0.7830 0.6890 0.0291 0.0297 nan
COCOfunction11-dim1-seed1-dists1-centres1-radius0.1-freq10-amp0.5 kriging 0 0 1 1 0.9616 0.0575 0.7510 0.6900 0.6730 0.6590 0.6460 0.6330 0.6190 0.6030 0.5760 0.2730 0.1910 0.4154 0.6592 nan
COCOfunction11-dim1-seed1-dists2-centres1-radius0.1-freq10-amp0.5 kriging 0 0 1 1 0.9612 0.0577 1.0000 1.0000 0.8980 0.8390 0.7950 0.7560 0.7200 0.6730 0.5990 0.5600 0.5310 0.2711 0.3371 nan
COCOfunction11-dim1-seed1-dists1-centres1-radius0.1-freq100-amp0.5 kriging 0 0 1 1 0.9567 0.0602 0.7590 0.7210 0.6960 0.6750 0.6550 0.6370 0.6150 0.5880 0.4170 0.2640 0.1830 0.4010 0.6428 nan
COCOfunction11-dim1-seed1-dists2-centres1-radius0.1-freq100-amp0.5 kriging 0 0 1 1 0.9491 0.0653 1.0000 1.0000 0.9220 0.8170 0.7500 0.7010 0.6650 0.6330 0.5820 0.5530 0.5310 0.2782 0.3547 nan
COCOfunction11-dim1-seed1-dists1-centres1-radius0.1-freq10-amp1 kriging 0 0 1 1 0.8652 0.1150 0.7140 0.6400 0.6270 0.6150 0.6050 0.5950 0.5810 0.3070 0.2080 0.1480 0.1030 0.3890 0.7286 nan
COCOfunction11-dim1-seed1-dists2-centres1-radius0.1-freq10-amp1 kriging 0 0 1 1 0.8602 0.1154 0.8330 0.7890 0.7570 0.7290 0.6970 0.6540 0.6100 0.5750 0.5390 0.5020 0.4820 0.3855 0.5599 nan
COCOfunction11-dim1-seed1-dists1-centres1-radius0.1-freq100-amp1 kriging 0 0 1 1 0.8474 0.1205 0.6960 0.6580 0.6320 0.6110 0.5890 0.5000 0.4120 0.2890 0.1900 0.1240 0.0670 0.3758 0.7541 nan
COCOfunction11-dim1-seed1-dists2-centres1-radius0.1-freq100-amp1 kriging 0 0 1 1 0.8226 0.1306 0.8820 0.7600 0.7020 0.6670 0.6440 0.6190 0.5840 0.5600 0.5310 0.5110 0.4930 0.3853 0.5740 nan
COCOfunction11-dim1-seed1-dists1-centres1-radius0.1-freq10-amp1.5 kriging 0 0 1 1 0.7452 0.1725 0.6970 0.6200 0.6080 0.5990 0.5880 0.3490 0.2720 0.2190 0.1500 0.1020 0.0200 0.3537 0.7767 nan
COCOfunction11-dim1-seed1-dists2-centres1-radius0.1-freq10-amp1.5 kriging 0 0 1 1 0.7307 0.1732 0.7860 0.7490 0.7180 0.6740 0.6350 0.5970 0.5680 0.5440 0.5010 0.4800 0.4700 0.4103 0.6381 nan
COCOfunction11-dim1-seed1-dists1-centres1-radius0.1-freq100-amp1.5 kriging 0 0 1 1 0.7127 0.1808 0.6600 0.6210 0.5950 0.5030 0.4200 0.3170 0.2500 0.1900 0.1180 0.0590 0.0000 0.3448 0.8518 nan
COCOfunction11-dim1-seed1-dists2-centres1-radius0.1-freq100-amp1.5 kriging 0 0 1 1 0.6721 0.1960 0.7690 0.6890 0.6530 0.6290 0.6010 0.5700 0.5510 0.5320 0.5090 0.4910 0.4750 0.4190 0.6735 nan
COCOfunction11-dim1-seed1-dists1-centres1-radius0.1-freq10-amp2 kriging 0 0 1 1 0.6276 0.2300 0.6870 0.6090 0.5990 0.5880 0.3150 0.2630 0.2270 0.1770 0.1140 0.0460 0.0000 0.3274 0.8342 nan
COCOfunction11-dim1-seed1-dists2-centres1-radius0.1-freq10-amp2 kriging 0 0 1 1 0.6022 0.2309 0.7650 0.7250 0.6770 0.6420 0.6000 0.5690 0.5470 0.5150 0.4850 0.4710 0.4630 0.4192 0.6788 nan
COCOfunction11-dim1-seed1-dists1-centres1-radius0.1-freq100-amp2 kriging 0 0 1 1 0.5837 0.2411 0.6340 0.5940 0.4780 0.3830 0.2900 0.2340 0.1870 0.1360 0.0720 0.0000 0.0000 0.3176 0.9481 nan
COCOfunction11-dim1-seed1-dists2-centres1-radius0.1-freq100-amp2 kriging 0 0 1 1 0.5341 0.2613 0.7210 0.6580 0.6270 0.6020 0.5640 0.5470 0.5310 0.5160 0.4950 0.4770 0.4640 0.4343 0.7316 nan
