instance technique highFiBudget lowFiBudget seed dimension CC RRMSE LCC_0.1 LCC_0.2 LCC_0.3 LCC_0.4 LCC_0.5 LCC_0.6 LCC_0.7 LCC_0.8 LCC_0.9 LCC_0.95 LCC_0.975 LCC_sd LCC_coeff performance
COCOfunction19-dim5-seed1-disth1-height1-radius0.05-freq10-amp0.1 kriging 0 0 1 5 1.0000 0.0000 1.0000 1.0000 1.0000 1.0000 1.0000 1.0000 1.0000 1.0000 1.0000 1.0000 1.0000 0.0000 0.0000 nan
COCOfunction19-dim5-seed1-disth2-height1-radius0.05-freq10-amp0.1 kriging 0 0 1 5 0.6427 0.0768 0.8856 0.7682 0.6520 0.5084 0.3572 0.2166 0.0956 0.0250 0.0064 0.0002 0.0000 0.2226 0.5571 nan
COCOfunction19-dim5-seed1-disth1-height1-radius0.05-freq100-amp0.1 kriging 0 0 1 5 1.0000 0.0000 1.0000 1.0000 1.0000 1.0000 1.0000 1.0000 1.0000 1.0000 1.0000 1.0000 1.0000 0.0000 0.0000 nan
COCOfunction19-dim5-seed1-disth2-height1-radius0.05-freq100-amp0.1 kriging 0 0 1 5 0.5196 0.0827 0.8218 0.6104 0.4206 0.2694 0.1524 0.0848 0.0358 0.0114 0.0018 0.0000 0.0000 0.1946 0.6714 nan
COCOfunction19-dim5-seed1-disth1-height1-radius0.05-freq10-amp0.5 kriging 0 0 1 5 1.0000 0.0000 1.0000 1.0000 1.0000 1.0000 1.0000 1.0000 1.0000 1.0000 1.0000 1.0000 1.0000 0.0000 0.0000 nan
COCOfunction19-dim5-seed1-disth2-height1-radius0.05-freq10-amp0.5 kriging 0 0 1 5 0.1004 0.3840 0.2578 0.1264 0.0528 0.0116 0.0008 0.0000 0.0000 0.0000 0.0000 0.0000 0.0000 0.0991 1.3314 nan
COCOfunction19-dim5-seed1-disth1-height1-radius0.05-freq100-amp0.5 kriging 0 0 1 5 1.0000 0.0000 1.0000 1.0000 1.0000 1.0000 1.0000 1.0000 1.0000 1.0000 1.0000 1.0000 1.0000 0.0000 0.0000 nan
COCOfunction19-dim5-seed1-disth2-height1-radius0.05-freq100-amp0.5 kriging 0 0 1 5 0.0303 0.4136 0.0462 0.0066 0.0016 0.0002 0.0000 0.0000 0.0000 0.0000 0.0000 0.0000 0.0000 0.0372 1.5762 nan
COCOfunction19-dim5-seed1-disth1-height1-radius0.05-freq10-amp1 kriging 0 0 1 5 1.0000 0.0000 1.0000 1.0000 1.0000 1.0000 1.0000 1.0000 1.0000 1.0000 1.0000 1.0000 1.0000 0.0000 0.0000 nan
COCOfunction19-dim5-seed1-disth2-height1-radius0.05-freq10-amp1 kriging 0 0 1 5 0.0415 0.7681 0.1714 0.0718 0.0152 0.0022 0.0000 0.0000 0.0000 0.0000 0.0000 0.0000 0.0000 0.0763 1.5711 nan
COCOfunction19-dim5-seed1-disth1-height1-radius0.05-freq100-amp1 kriging 0 0 1 5 1.0000 0.0000 1.0000 1.0000 1.0000 1.0000 1.0000 1.0000 1.0000 1.0000 1.0000 1.0000 1.0000 0.0000 0.0000 nan
COCOfunction19-dim5-seed1-disth2-height1-radius0.05-freq100-amp1 kriging 0 0 1 5 0.0047 0.8272 0.0076 0.0004 0.0000 0.0000 0.0000 0.0000 0.0000 0.0000 0.0000 0.0000 0.0000 0.0188 1.6937 nan
COCOfunction19-dim5-seed1-disth1-height1-radius0.05-freq10-amp1.5 kriging 0 0 1 5 1.0000 0.0000 1.0000 1.0000 1.0000 1.0000 1.0000 1.0000 1.0000 1.0000 1.0000 1.0000 1.0000 0.0000 0.0000 nan
COCOfunction19-dim5-seed1-disth2-height1-radius0.05-freq10-amp1.5 kriging 0 0 1 5 0.0268 1.1521 0.1496 0.0568 0.0102 0.0008 0.0000 0.0000 0.0000 0.0000 0.0000 0.0000 0.0000 0.0693 1.6295 nan
COCOfunction19-dim5-seed1-disth1-height1-radius0.05-freq100-amp1.5 kriging 0 0 1 5 1.0000 0.0000 1.0000 1.0000 1.0000 1.0000 1.0000 1.0000 1.0000 1.0000 1.0000 1.0000 1.0000 0.0000 0.0000 nan
COCOfunction19-dim5-seed1-disth2-height1-radius0.05-freq100-amp1.5 kriging 0 0 1 5 0.0011 1.2408 0.0038 0.0002 0.0000 0.0000 0.0000 0.0000 0.0000 0.0000 0.0000 0.0000 0.0000 0.0155 1.6495 nan
COCOfunction19-dim5-seed1-disth1-height1-radius0.05-freq10-amp2 kriging 0 0 1 5 1.0000 0.0000 1.0000 1.0000 1.0000 1.0000 1.0000 1.0000 1.0000 1.0000 1.0000 1.0000 1.0000 0.0000 0.0000 nan
COCOfunction19-dim5-seed1-disth2-height1-radius0.05-freq10-amp2 kriging 0 0 1 5 0.0206 1.5362 0.1406 0.0504 0.0084 0.0006 0.0000 0.0000 0.0000 0.0000 0.0000 0.0000 0.0000 0.0661 1.6475 nan
COCOfunction19-dim5-seed1-disth1-height1-radius0.05-freq100-amp2 kriging 0 0 1 5 1.0000 0.0000 1.0000 1.0000 1.0000 1.0000 1.0000 1.0000 1.0000 1.0000 1.0000 1.0000 1.0000 0.0000 0.0000 nan
COCOfunction19-dim5-seed1-disth2-height1-radius0.05-freq100-amp2 kriging 0 0 1 5 0.0002 1.6545 0.0028 0.0004 0.0000 0.0000 0.0000 0.0000 0.0000 0.0000 0.0000 0.0000 0.0000 0.0145 1.6156 nan
COCOfunction19-dim5-seed1-disth1-height1-radius0.1-freq10-amp0.1 kriging 0 0 1 5 1.0000 0.0000 1.0000 1.0000 1.0000 1.0000 1.0000 1.0000 1.0000 1.0000 1.0000 1.0000 1.0000 0.0000 0.0000 nan
COCOfunction19-dim5-seed1-disth2-height1-radius0.1-freq10-amp0.1 kriging 0 0 1 5 0.6447 0.0765 0.8864 0.7696 0.6552 0.5110 0.3612 0.2190 0.0978 0.0254 0.0064 0.0002 0.0000 0.2232 0.5564 nan
COCOfunction19-dim5-seed1-disth1-height1-radius0.1-freq100-amp0.1 kriging 0 0 1 5 1.0000 0.0000 1.0000 1.0000 1.0000 1.0000 1.0000 1.0000 1.0000 1.0000 1.0000 1.0000 1.0000 0.0000 0.0000 nan
COCOfunction19-dim5-seed1-disth2-height1-radius0.1-freq100-amp0.1 kriging 0 0 1 5 0.5212 0.0824 0.8224 0.6120 0.4226 0.2710 0.1550 0.0866 0.0370 0.0118 0.0020 0.0000 0.0000 0.1954 0.6714 nan
COCOfunction19-dim5-seed1-disth1-height1-radius0.1-freq10-amp0.5 kriging 0 0 1 5 1.0000 0.0000 1.0000 1.0000 1.0000 1.0000 1.0000 1.0000 1.0000 1.0000 1.0000 1.0000 1.0000 0.0000 0.0000 nan
COCOfunction19-dim5-seed1-disth2-height1-radius0.1-freq10-amp0.5 kriging 0 0 1 5 0.1015 0.3827 0.2608 0.1276 0.0530 0.0122 0.0008 0.0000 0.0000 0.0000 0.0000 0.0000 0.0000 0.0994 1.3264 nan
COCOfunction19-dim5-seed1-disth1-height1-radius0.1-freq100-amp0.5 kriging 0 0 1 5 1.0000 0.0000 1.0000 1.0000 1.0000 1.0000 1.0000 1.0000 1.0000 1.0000 1.0000 1.0000 1.0000 0.0000 0.0000 nan
COCOfunction19-dim5-seed1-disth2-height1-radius0.1-freq100-amp0.5 kriging 0 0 1 5 0.0304 0.4122 0.0460 0.0066 0.0016 0.0002 0.0000 0.0000 0.0000 0.0000 0.0000 0.0000 0.0000 0.0374 1.5755 nan
COCOfunction19-dim5-seed1-disth1-height1-radius0.1-freq10-amp1 kriging 0 0 1 5 1.0000 0.0000 1.0000 1.0000 1.0000 1.0000 1.0000 1.0000 1.0000 1.0000 1.0000 1.0000 1.0000 0.0000 0.0000 nan
COCOfunction19-dim5-seed1-disth2-height1-radius0.1-freq10-amp1 kriging 0 0 1 5 0.0422 0.7654 0.1720 0.0718 0.0152 0.0022 0.0000 0.0000 0.0000 0.0000 0.0000 0.0000 0.0000 0.0764 1.5672 nan
COCOfunction19-dim5-seed1-disth1-height1-radius0.1-freq100-amp1 kriging 0 0 1 5 1.0000 0.0000 1.0000 1.0000 1.0000 1.0000 1.0000 1.0000 1.0000 1.0000 1.0000 1.0000 1.0000 0.0000 0.0000 nan
COCOfunction19-dim5-seed1-disth2-height1-radius0.1-freq100-amp1 kriging 0 0 1 5 0.0047 0.8244 0.0076 0.0004 0.0000 0.0000 0.0000 0.0000 0.0000 0.0000 0.0000 0.0000 0.0000 0.0187 1.6903 nan
COCOfunction19-dim5-seed1-disth1-height1-radius0.1-freq10-amp1.5 kriging 0 0 1 5 1.0000 0.0000 1.0000 1.0000 1.0000 1.0000 1.0000 1.0000 1.0000 1.0000 1.0000 1.0000 1.0000 0.0000 0.0000 nan
COCOfunction19-dim5-seed1-disth2-height1-radius0.1-freq10-amp1.5 kriging 0 0 1 5 0.0273 1.1481 0.1496 0.0572 0.0102 0.0008 0.0000 0.0000 0.0000 0.0000 0.0000 0.0000 0.0000 0.0694 1.6271 nan
COCOfunction19-dim5-seed1-disth1-height1-radius0.1-freq100-amp1.5 kriging 0 0 1 5 1.0000 0.0000 1.0000 1.0000 1.0000 1.0000 1.0000 1.0000 1.0000 1.0000 1.0000 1.0000 1.0000 0.0000 0.0000 nan
COCOfunction19-dim5-seed1-disth2-height1-radius0.1-freq100-amp1.5 kriging 0 0 1 5 0.0010 1.2366 0.0036 0.0002 0.0000 0.0000 0.0000 0.0000 0.0000 0.0000 0.0000 0.0000 0.0000 0.0154 1.6467 nan
COCOfunction19-dim5-seed1-disth1-height1-radius0.1-freq10-amp2 kriging 0 0 1 5 1.0000 0.0000 1.0000 1.0000 1.0000 1.0000 1.0000 1.0000 1.0000 1.0000 1.0000 1.0000 1.0000 0.0000 0.0000 nan
COCOfunction19-dim5-seed1-disth2-height1-radius0.1-freq10-amp2 kriging 0 0 1 5 0.0210 1.5308 0.1406 0.0504 0.0084 0.0006 0.0000 0.0000 0.0000 0.0000 0.0000 0.0000 0.0000 0.0661 1.6461 nan
COCOfunction19-dim5-seed1-disth1-height1-radius0.1-freq100-amp2 kriging 0 0 1 5 1.0000 0.0000 1.0000 1.0000 1.0000 1.0000 1.0000 1.0000 1.0000 1.0000 1.0000 1.0000 1.0000 0.0000 0.0000 nan
COCOfunction19-dim5-seed1-disth2-height1-radius0.1-freq100-amp2 kriging 0 0 1 5 0.0002 1.6489 0.0024 0.0004 0.0000 0.0000 0.0000 0.0000 0.0000 0.0000 0.0000 0.0000 0.0000 0.0144 1.6135 nan
COCOfunction19-dim5-seed1-disth1-height1-radius0.15-freq10-amp0.1 kriging 0 0 1 5 1.0000 0.0000 1.0000 1.0000 1.0000 1.0000 1.0000 1.0000 1.0000 1.0000 1.0000 1.0000 1.0000 0.0000 0.0000 nan
COCOfunction19-dim5-seed1-disth2-height1-radius0.15-freq10-amp0.1 kriging 0 0 1 5 0.6470 0.0762 0.8868 0.7708 0.6568 0.5152 0.3632 0.2222 0.1006 0.0260 0.0068 0.0004 0.0000 0.2239 0.5555 nan
COCOfunction19-dim5-seed1-disth1-height1-radius0.15-freq100-amp0.1 kriging 0 0 1 5 1.0000 0.0000 1.0000 1.0000 1.0000 1.0000 1.0000 1.0000 1.0000 1.0000 1.0000 1.0000 1.0000 0.0000 0.0000 nan
COCOfunction19-dim5-seed1-disth2-height1-radius0.15-freq100-amp0.1 kriging 0 0 1 5 0.5229 0.0821 0.8236 0.6142 0.4246 0.2732 0.1578 0.0878 0.0374 0.0122 0.0022 0.0000 0.0000 0.1962 0.6713 nan
COCOfunction19-dim5-seed1-disth1-height1-radius0.15-freq10-amp0.5 kriging 0 0 1 5 1.0000 0.0000 1.0000 1.0000 1.0000 1.0000 1.0000 1.0000 1.0000 1.0000 1.0000 1.0000 1.0000 0.0000 0.0000 nan
COCOfunction19-dim5-seed1-disth2-height1-radius0.15-freq10-amp0.5 kriging 0 0 1 5 0.1029 0.3811 0.2626 0.1284 0.0544 0.0124 0.0010 0.0000 0.0000 0.0000 0.0000 0.0000 0.0000 0.0998 1.3209 nan
COCOfunction19-dim5-seed1-disth1-height1-radius0.15-freq100-amp0.5 kriging 0 0 1 5 1.0000 0.0000 1.0000 1.0000 1.0000 1.0000 1.0000 1.0000 1.0000 1.0000 1.0000 1.0000 1.0000 0.0000 0.0000 nan
COCOfunction19-dim5-seed1-disth2-height1-radius0.15-freq100-amp0.5 kriging 0 0 1 5 0.0306 0.4106 0.0464 0.0070 0.0016 0.0002 0.0000 0.0000 0.0000 0.0000 0.0000 0.0000 0.0000 0.0375 1.5747 nan
COCOfunction19-dim5-seed1-disth1-height1-radius0.15-freq10-amp1 kriging 0 0 1 5 1.0000 0.0000 1.0000 1.0000 1.0000 1.0000 1.0000 1.0000 1.0000 1.0000 1.0000 1.0000 1.0000 0.0000 0.0000 nan
COCOfunction19-dim5-seed1-disth2-height1-radius0.15-freq10-amp1 kriging 0 0 1 5 0.0429 0.7623 0.1730 0.0724 0.0154 0.0024 0.0000 0.0000 0.0000 0.0000 0.0000 0.0000 0.0000 0.0766 1.5628 nan
COCOfunction19-dim5-seed1-disth1-height1-radius0.15-freq100-amp1 kriging 0 0 1 5 1.0000 0.0000 1.0000 1.0000 1.0000 1.0000 1.0000 1.0000 1.0000 1.0000 1.0000 1.0000 1.0000 0.0000 0.0000 nan
COCOfunction19-dim5-seed1-disth2-height1-radius0.15-freq100-amp1 kriging 0 0 1 5 0.0047 0.8213 0.0076 0.0004 0.0000 0.0000 0.0000 0.0000 0.0000 0.0000 0.0000 0.0000 0.0000 0.0186 1.6865 nan
COCOfunction19-dim5-seed1-disth1-height1-radius0.15-freq10-amp1.5 kriging 0 0 1 5 1.0000 0.0000 1.0000 1.0000 1.0000 1.0000 1.0000 1.0000 1.0000 1.0000 1.0000 1.0000 1.0000 0.0000 0.0000 nan
COCOfunction19-dim5-seed1-disth2-height1-radius0.15-freq10-amp1.5 kriging 0 0 1 5 0.0279 1.1435 0.1504 0.0576 0.0100 0.0008 0.0000 0.0000 0.0000 0.0000 0.0000 0.0000 0.0000 0.0695 1.6244 nan
COCOfunction19-dim5-seed1-disth1-height1-radius0.15-freq100-amp1.5 kriging 0 0 1 5 1.0000 0.0000 1.0000 1.0000 1.0000 1.0000 1.0000 1.0000 1.0000 1.0000 1.0000 1.0000 1.0000 0.0000 0.0000 nan
COCOfunction19-dim5-seed1-disth2-height1-radius0.15-freq100-amp1.5 kriging 0 0 1 5 0.0010 1.2320 0.0030 0.0002 0.0000 0.0000 0.0000 0.0000 0.0000 0.0000 0.0000 0.0000 0.0000 0.0153 1.6436 nan
COCOfunction19-dim5-seed1-disth1-height1-radius0.15-freq10-amp2 kriging 0 0 1 5 1.0000 0.0000 1.0000 1.0000 1.0000 1.0000 1.0000 1.0000 1.0000 1.0000 1.0000 1.0000 1.0000 0.0000 0.0000 nan
COCOfunction19-dim5-seed1-disth2-height1-radius0.15-freq10-amp2 kriging 0 0 1 5 0.0215 1.5247 0.1412 0.0504 0.0086 0.0006 0.0000 0.0000 0.0000 0.0000 0.0000 0.0000 0.0000 0.0662 1.6444 nan
COCOfunction19-dim5-seed1-disth1-height1-radius0.15-freq100-amp2 kriging 0 0 1 5 1.0000 0.0000 1.0000 1.0000 1.0000 1.0000 1.0000 1.0000 1.0000 1.0000 1.0000 1.0000 1.0000 0.0000 0.0000 nan
COCOfunction19-dim5-seed1-disth2-height1-radius0.15-freq100-amp2 kriging 0 0 1 5 0.0002 1.6426 0.0024 0.0004 0.0000 0.0000 0.0000 0.0000 0.0000 0.0000 0.0000 0.0000 0.0000 0.0143 1.6112 nan
COCOfunction19-dim5-seed1-disth1-height1-radius0.2-freq10-amp0.1 kriging 0 0 1 5 1.0000 0.0000 1.0000 1.0000 1.0000 1.0000 1.0000 1.0000 1.0000 1.0000 1.0000 1.0000 1.0000 0.0000 0.0000 nan
COCOfunction19-dim5-seed1-disth2-height1-radius0.2-freq10-amp0.1 kriging 0 0 1 5 0.6495 0.0758 0.8874 0.7738 0.6586 0.5186 0.3670 0.2266 0.1032 0.0268 0.0074 0.0004 0.0000 0.2247 0.5546 nan
COCOfunction19-dim5-seed1-disth1-height1-radius0.2-freq100-amp0.1 kriging 0 0 1 5 1.0000 0.0000 1.0000 1.0000 1.0000 1.0000 1.0000 1.0000 1.0000 1.0000 1.0000 1.0000 1.0000 0.0000 0.0000 nan
COCOfunction19-dim5-seed1-disth2-height1-radius0.2-freq100-amp0.1 kriging 0 0 1 5 0.5249 0.0817 0.8246 0.6164 0.4264 0.2752 0.1606 0.0894 0.0388 0.0126 0.0026 0.0000 0.0000 0.1971 0.6712 nan
COCOfunction19-dim5-seed1-disth1-height1-radius0.2-freq10-amp0.5 kriging 0 0 1 5 1.0000 0.0000 1.0000 1.0000 1.0000 1.0000 1.0000 1.0000 1.0000 1.0000 1.0000 1.0000 1.0000 0.0000 0.0000 nan
COCOfunction19-dim5-seed1-disth2-height1-radius0.2-freq10-amp0.5 kriging 0 0 1 5 0.1044 0.3794 0.2648 0.1292 0.0554 0.0126 0.0012 0.0000 0.0000 0.0000 0.0000 0.0000 0.0000 0.1003 1.3146 nan
COCOfunction19-dim5-seed1-disth1-height1-radius0.2-freq100-amp0.5 kriging 0 0 1 5 1.0000 0.0000 1.0000 1.0000 1.0000 1.0000 1.0000 1.0000 1.0000 1.0000 1.0000 1.0000 1.0000 0.0000 0.0000 nan
COCOfunction19-dim5-seed1-disth2-height1-radius0.2-freq100-amp0.5 kriging 0 0 1 5 0.0307 0.4089 0.0470 0.0072 0.0016 0.0002 0.0000 0.0000 0.0000 0.0000 0.0000 0.0000 0.0000 0.0376 1.5739 nan
COCOfunction19-dim5-seed1-disth1-height1-radius0.2-freq10-amp1 kriging 0 0 1 5 1.0000 0.0000 1.0000 1.0000 1.0000 1.0000 1.0000 1.0000 1.0000 1.0000 1.0000 1.0000 1.0000 0.0000 0.0000 nan
COCOfunction19-dim5-seed1-disth2-height1-radius0.2-freq10-amp1 kriging 0 0 1 5 0.0438 0.7589 0.1736 0.0732 0.0152 0.0024 0.0000 0.0000 0.0000 0.0000 0.0000 0.0000 0.0000 0.0768 1.5578 nan
COCOfunction19-dim5-seed1-disth1-height1-radius0.2-freq100-amp1 kriging 0 0 1 5 1.0000 0.0000 1.0000 1.0000 1.0000 1.0000 1.0000 1.0000 1.0000 1.0000 1.0000 1.0000 1.0000 0.0000 0.0000 nan
COCOfunction19-dim5-seed1-disth2-height1-radius0.2-freq100-amp1 kriging 0 0 1 5 0.0047 0.8178 0.0072 0.0002 0.0000 0.0000 0.0000 0.0000 0.0000 0.0000 0.0000 0.0000 0.0000 0.0185 1.6820 nan
COCOfunction19-dim5-seed1-disth1-height1-radius0.2-freq10-amp1.5 kriging 0 0 1 5 1.0000 0.0000 1.0000 1.0000 1.0000 1.0000 1.0000 1.0000 1.0000 1.0000 1.0000 1.0000 1.0000 0.0000 0.0000 nan
COCOfunction19-dim5-seed1-disth2-height1-radius0.2-freq10-amp1.5 kriging 0 0 1 5 0.0285 1.1384 0.1512 0.0580 0.0100 0.0008 0.0000 0.0000 0.0000 0.0000 0.0000 0.0000 0.0000 0.0696 1.6211 nan
COCOfunction19-dim5-seed1-disth1-height1-radius0.2-freq100-amp1.5 kriging 0 0 1 5 1.0000 0.0000 1.0000 1.0000 1.0000 1.0000 1.0000 1.0000 1.0000 1.0000 1.0000 1.0000 1.0000 0.0000 0.0000 nan
COCOfunction19-dim5-seed1-disth2-height1-radius0.2-freq100-amp1.5 kriging 0 0 1 5 0.0010 1.2267 0.0030 0.0002 0.0000 0.0000 0.0000 0.0000 0.0000 0.0000 0.0000 0.0000 0.0000 0.0151 1.6401 nan
COCOfunction19-dim5-seed1-disth1-height1-radius0.2-freq10-amp2 kriging 0 0 1 5 1.0000 0.0000 1.0000 1.0000 1.0000 1.0000 1.0000 1.0000 1.0000 1.0000 1.0000 1.0000 1.0000 0.0000 0.0000 nan
COCOfunction19-dim5-seed1-disth2-height1-radius0.2-freq10-amp2 kriging 0 0 1 5 0.0220 1.5179 0.1412 0.0502 0.0082 0.0006 0.0000 0.0000 0.0000 0.0000 0.0000 0.0000 0.0000 0.0663 1.6423 nan
COCOfunction19-dim5-seed1-disth1-height1-radius0.2-freq100-amp2 kriging 0 0 1 5 1.0000 0.0000 1.0000 1.0000 1.0000 1.0000 1.0000 1.0000 1.0000 1.0000 1.0000 1.0000 1.0000 0.0000 0.0000 nan
COCOfunction19-dim5-seed1-disth2-height1-radius0.2-freq100-amp2 kriging 0 0 1 5 0.0002 1.6357 0.0022 0.0004 0.0000 0.0000 0.0000 0.0000 0.0000 0.0000 0.0000 0.0000 0.0000 0.0142 1.6087 nan
COCOfunction19-dim5-seed1-disth1-height1-radius0.25-freq10-amp0.1 kriging 0 0 1 5 1.0000 0.0000 1.0000 1.0000 1.0000 1.0000 1.0000 1.0000 1.0000 1.0000 1.0000 1.0000 1.0000 0.0000 0.0000 nan
COCOfunction19-dim5-seed1-disth2-height1-radius0.25-freq10-amp0.1 kriging 0 0 1 5 0.6524 0.0755 0.8884 0.7752 0.6594 0.5234 0.3698 0.2312 0.1052 0.0282 0.0074 0.0004 0.0000 0.2255 0.5536 nan
COCOfunction19-dim5-seed1-disth1-height1-radius0.25-freq100-amp0.1 kriging 0 0 1 5 1.0000 0.0000 1.0000 1.0000 1.0000 1.0000 1.0000 1.0000 1.0000 1.0000 1.0000 1.0000 1.0000 0.0000 0.0000 nan
COCOfunction19-dim5-seed1-disth2-height1-radius0.25-freq100-amp0.1 kriging 0 0 1 5 0.5271 0.0813 0.8256 0.6188 0.4282 0.2788 0.1642 0.0902 0.0400 0.0136 0.0028 0.0000 0.0000 0.1982 0.6710 nan
COCOfunction19-dim5-seed1-disth1-height1-radius0.25-freq10-amp0.5 kriging 0 0 1 5 1.0000 0.0000 1.0000 1.0000 1.0000 1.0000 1.0000 1.0000 1.0000 1.0000 1.0000 1.0000 1.0000 0.0000 0.0000 nan
COCOfunction19-dim5-seed1-disth2-height1-radius0.25-freq10-amp0.5 kriging 0 0 1 5 0.1061 0.3775 0.2688 0.1298 0.0562 0.0130 0.0012 0.0000 0.0000 0.0000 0.0000 0.0000 0.0000 0.1009 1.3076 nan
COCOfunction19-dim5-seed1-disth1-height1-radius0.25-freq100-amp0.5 kriging 0 0 1 5 1.0000 0.0000 1.0000 1.0000 1.0000 1.0000 1.0000 1.0000 1.0000 1.0000 1.0000 1.0000 1.0000 0.0000 0.0000 nan
COCOfunction19-dim5-seed1-disth2-height1-radius0.25-freq100-amp0.5 kriging 0 0 1 5 0.0309 0.4069 0.0472 0.0076 0.0016 0.0002 0.0000 0.0000 0.0000 0.0000 0.0000 0.0000 0.0000 0.0378 1.5730 nan
COCOfunction19-dim5-seed1-disth1-height1-radius0.25-freq10-amp1 kriging 0 0 1 5 1.0000 0.0000 1.0000 1.0000 1.0000 1.0000 1.0000 1.0000 1.0000 1.0000 1.0000 1.0000 1.0000 0.0000 0.0000 nan
COCOfunction19-dim5-seed1-disth2-height1-radius0.25-freq10-amp1 kriging 0 0 1 5 0.0447 0.7551 0.1748 0.0736 0.0152 0.0024 0.0000 0.0000 0.0000 0.0000 0.0000 0.0000 0.0000 0.0770 1.5519 nan
COCOfunction19-dim5-seed1-disth1-height1-radius0.25-freq100-amp1 kriging 0 0 1 5 1.0000 0.0000 1.0000 1.0000 1.0000 1.0000 1.0000 1.0000 1.0000 1.0000 1.0000 1.0000 1.0000 0.0000 0.0000 nan
COCOfunction19-dim5-seed1-disth2-height1-radius0.25-freq100-amp1 kriging 0 0 1 5 0.0047 0.8139 0.0066 0.0002 0.0000 0.0000 0.0000 0.0000 0.0000 0.0000 0.0000 0.0000 0.0000 0.0184 1.6767 nan
COCOfunction19-dim5-seed1-disth1-height1-radius0.25-freq10-amp1.5 kriging 0 0 1 5 1.0000 0.0000 1.0000 1.0000 1.0000 1.0000 1.0000 1.0000 1.0000 1.0000 1.0000 1.0000 1.0000 0.0000 0.0000 nan
COCOfunction19-dim5-seed1-disth2-height1-radius0.25-freq10-amp1.5 kriging 0 0 1 5 0.0293 1.1327 0.1522 0.0580 0.0102 0.0008 0.0000 0.0000 0.0000 0.0000 0.0000 0.0000 0.0000 0.0698 1.6171 nan
COCOfunction19-dim5-seed1-disth1-height1-radius0.25-freq100-amp1.5 kriging 0 0 1 5 1.0000 0.0000 1.0000 1.0000 1.0000 1.0000 1.0000 1.0000 1.0000 1.0000 1.0000 1.0000 1.0000 0.0000 0.0000 nan
COCOfunction19-dim5-seed1-disth2-height1-radius0.25-freq100-amp1.5 kriging 0 0 1 5 0.0010 1.2208 0.0028 0.0002 0.0000 0.0000 0.0000 0.0000 0.0000 0.0000 0.0000 0.0000 0.0000 0.0150 1.6362 nan
COCOfunction19-dim5-seed1-disth1-height1-radius0.25-freq10-amp2 kriging 0 0 1 5 1.0000 0.0000 1.0000 1.0000 1.0000 1.0000 1.0000 1.0000 1.0000 1.0000 1.0000 1.0000 1.0000 0.0000 0.0000 nan
COCOfunction19-dim5-seed1-disth2-height1-radius0.25-freq10-amp2 kriging 0 0 1 5 0.0227 1.5103 0.1420 0.0506 0.0084 0.0006 0.0000 0.0000 0.0000 0.0000 0.0000 0.0000 0.0000 0.0664 1.6397 nan
COCOfunction19-dim5-seed1-disth1-height1-radius0.25-freq100-amp2 kriging 0 0 1 5 1.0000 0.0000 1.0000 1.0000 1.0000 1.0000 1.0000 1.0000 1.0000 1.0000 1.0000 1.0000 1.0000 0.0000 0.0000 nan
COCOfunction19-dim5-seed1-disth2-height1-radius0.25-freq100-amp2 kriging 0 0 1 5 0.0001 1.6278 0.0020 0.0004 0.0000 0.0000 0.0000 0.0000 0.0000 0.0000 0.0000 0.0000 0.0000 0.0141 1.6060 nan
